2.322126960754394531e+01
2.930964660644531250e+01
1.220374107360839844e+01
9.039871215820312500e+01
3.954090118408203125e+01
3.010556640625000000e+02
1.209665870666503906e+01
1.072755050659179688e+01
2.228152847290039062e+01
1.125974845886230469e+01
2.006180572509765625e+01
3.243833160400390625e+01
2.287524032592773438e+01
1.845704956054687500e+02
9.326896667480468750e+01
1.026167907714843750e+02
8.113639068603515625e+01
2.369869995117187500e+02
3.084725952148437500e+01
1.439929199218750000e+01
1.867960510253906250e+02
6.506542968750000000e+01
1.344249725341796875e+01
4.048079299926757812e+01
1.754512214660644531e+01
2.741843223571777344e+01
1.268155517578125000e+02
2.034732055664062500e+01
2.181750488281250000e+01
2.312468566894531250e+02
3.107777404785156250e+01
8.760190963745117188e+00
9.961702728271484375e+01
8.845912933349609375e+00
3.602443695068359375e+01
9.659826278686523438e+00
6.466381072998046875e+01
2.912731933593750000e+01
1.406132984161376953e+01
8.411129951477050781e+00
4.179774475097656250e+01
7.154049682617187500e+01
6.235098266601562500e+01
1.220009841918945312e+02
2.505066299438476562e+01
2.707448196411132812e+01
3.685855484008789062e+01
1.567637252807617188e+01
3.022755050659179688e+01
1.615674285888671875e+02
1.009240570068359375e+02
3.314646911621093750e+02
1.126371383666992188e+02
2.843089675903320312e+01
1.842750701904296875e+02
3.125509338378906250e+02
6.512907409667968750e+01
3.439264297485351562e+01
1.078904037475585938e+02
1.283462677001953125e+02
4.966515350341796875e+01
3.894562530517578125e+01
1.053119125366210938e+02
3.668423461914062500e+01
2.212129211425781250e+01
9.605710983276367188e+00
3.542179870605468750e+01
6.524758148193359375e+01
3.619824981689453125e+01
5.325296878814697266e+00
7.278012275695800781e+00
1.065351963043212891e+01
9.444848060607910156e+00
9.319023895263671875e+01
9.834008789062500000e+01
1.942505836486816406e+01
3.190121078491210938e+01
6.166164779663085938e+01
1.025192832946777344e+01
2.275402832031250000e+01
2.352639579772949219e+01
1.164546298980712891e+01
7.880756378173828125e+00
2.847850341796875000e+02
2.186902999877929688e+01
1.508881072998046875e+02
3.332904434204101562e+01
6.378326416015625000e+01
5.639014816284179688e+01
9.627443695068359375e+01
8.826469421386718750e+01
5.098054885864257812e+01
8.659703826904296875e+01
5.751623535156250000e+01
1.851239776611328125e+01
6.751044464111328125e+01
9.295404052734375000e+01
6.243476486206054688e+01
7.876844024658203125e+01
5.288049316406250000e+01
2.230994262695312500e+02
1.601115417480468750e+02
9.778953552246093750e+00
2.545298309326171875e+02
4.245510101318359375e+01
7.853270530700683594e+00
1.954887847900390625e+02
8.480506896972656250e+00
3.377596282958984375e+01
1.791603279113769531e+01
4.097911071777343750e+01
1.803167343139648438e+01
1.738659477233886719e+01
3.174942016601562500e+01
1.269657325744628906e+01
2.144724464416503906e+01
1.914502716064453125e+01
7.722757720947265625e+01
4.582698822021484375e+01
6.912785339355468750e+01
9.550634002685546875e+01
5.945128631591796875e+01
1.093732070922851562e+02
2.907118225097656250e+01
2.100951766967773438e+01
2.701971244812011719e+01
2.132513427734375000e+01
2.508890533447265625e+01
1.646285247802734375e+01
4.179402923583984375e+01
1.464888763427734375e+01
2.907675361633300781e+01
9.873178482055664062e+00
1.423053359985351562e+01
1.124543533325195312e+02
3.402531433105468750e+01
3.739427947998046875e+01
4.080409622192382812e+01
3.472517013549804688e+01
1.277282142639160156e+01
3.778733062744140625e+01
1.902026367187500000e+01
1.028060531616210938e+01
8.207080841064453125e+00
5.343580627441406250e+01
4.816036224365234375e+01
7.366101837158203125e+01
8.258908843994140625e+01
4.677697753906250000e+01
8.627550506591796875e+01
4.796339416503906250e+01
3.572920227050781250e+01
2.025149917602539062e+01
2.642873954772949219e+01
6.401179790496826172e+00
8.449028968811035156e+00
3.703739929199218750e+01
1.036149024963378906e+01
2.746921157836914062e+01
9.426963806152343750e+00
8.694229125976562500e+00
2.900968933105468750e+01
3.415932846069335938e+01
5.448642253875732422e+00
2.629027557373046875e+01
5.883033275604248047e+00
7.088499069213867188e+00
3.480123138427734375e+01
6.161973953247070312e+00
6.558838844299316406e+00
6.296137809753417969e+00
6.536686897277832031e+00
6.275627136230468750e+01
1.876232337951660156e+01
6.854842185974121094e+00
1.767405128479003906e+01
2.211390686035156250e+01
6.051136493682861328e+00
6.029490947723388672e+00
1.329479026794433594e+01
1.165931129455566406e+01
8.156714439392089844e+00
7.623666763305664062e+00
1.969987297058105469e+01
1.069476318359375000e+01
1.663383102416992188e+01
1.366163349151611328e+01
1.283432197570800781e+01
8.995650291442871094e+00
1.299479103088378906e+01
3.419581985473632812e+01
6.044269561767578125e+00
6.334980487823486328e+00
5.704020690917968750e+01
7.180759429931640625e+00
9.040256500244140625e+00
8.323294639587402344e+00
8.858712196350097656e+00
1.227946281433105469e+01
1.756323623657226562e+01
2.976993370056152344e+01
7.753439331054687500e+01
4.984508132934570312e+01
5.458436012268066406e+00
1.148178386688232422e+01
8.523679733276367188e+00
7.235071182250976562e+00
6.900264739990234375e+00
1.042994308471679688e+01
1.132180404663085938e+01
5.750794410705566406e+00
2.761887741088867188e+01
4.984915733337402344e+00
6.424188137054443359e+00
5.615492343902587891e+00
6.592442512512207031e+00
3.414574050903320312e+01
6.195889949798583984e+00
2.741001319885253906e+01
6.268779754638671875e+00
8.754193305969238281e+00
3.232035827636718750e+01
3.118893051147460938e+01
6.998101234436035156e+00
8.347820281982421875e+00
1.870865249633789062e+01
1.816601562500000000e+01
2.253684997558593750e+01
2.790735816955566406e+01
6.223226070404052734e+00
3.112636947631835938e+01
7.890628814697265625e+00
3.522460937500000000e+01
1.701997756958007812e+01
1.482093048095703125e+01
1.749447059631347656e+01
1.533372020721435547e+01
5.980195999145507812e+00
6.073561668395996094e+00
4.565222930908203125e+01
6.914734363555908203e+00
5.416984558105468750e+00
1.815488281250000000e+02
9.358771324157714844e+00
2.962123489379882812e+01
4.120712661743164062e+01
8.587299346923828125e+00
8.936226844787597656e+00
7.159218311309814453e+00
5.853900909423828125e+00
7.532152175903320312e+00
1.246421241760253906e+01
6.289394855499267578e+00
3.686079025268554688e+01
1.573485374450683594e+01
3.570429229736328125e+01
8.465364456176757812e+00
4.729262161254882812e+01
2.956282043457031250e+01
7.021502494812011719e+00
1.665122985839843750e+01
7.265747070312500000e+00
5.979475975036621094e+00
6.461630821228027344e+00
6.912999153137207031e+00
6.934418678283691406e+00
6.576236248016357422e+00
8.303600311279296875e+00
5.923748970031738281e+00
8.779629707336425781e+00
6.692899703979492188e+00
6.757376670837402344e+00
6.439482688903808594e+00
5.963849544525146484e+00
5.962214946746826172e+00
2.774963378906250000e+01
6.370856761932373047e+00
7.157195568084716797e+00
7.212961673736572266e+00
8.972800254821777344e+00
8.332603454589843750e+00
2.503656196594238281e+01
1.014221572875976562e+01
1.136379623413085938e+01
3.548551177978515625e+01
2.581381225585937500e+01
3.093486404418945312e+01
3.204900360107421875e+01
1.877379798889160156e+01
3.521181488037109375e+01
1.803157806396484375e+01
2.816982269287109375e+01
1.918798828125000000e+01
2.704079246520996094e+01
2.816403579711914062e+01
4.388409042358398438e+01
1.012797355651855469e+01
1.460876369476318359e+01
1.316286182403564453e+01
1.183583545684814453e+01
9.557584762573242188e+00
5.219890594482421875e+00
5.918783187866210938e+00
6.002333068847656250e+01
6.147211837768554688e+01
6.228048324584960938e+01
2.804233551025390625e+01
8.720731353759765625e+01
1.761704635620117188e+01
1.076306819915771484e+01
2.256958389282226562e+01
9.378349304199218750e+00
6.575729370117187500e+00
6.060779571533203125e+00
6.848232269287109375e+00
6.102920532226562500e+00
7.801389217376708984e+00
7.517425060272216797e+00
5.642572402954101562e+00
6.321331977844238281e+00
7.812028884887695312e+00
2.244079017639160156e+01
7.252086639404296875e+00
2.540968322753906250e+01
9.385878562927246094e+00
6.350585937500000000e+00
3.000161743164062500e+01
3.794640731811523438e+01
4.441269302368164062e+01
5.713587951660156250e+01
4.515693664550781250e+01
6.201531887054443359e+00
1.211777420043945312e+02
1.926490783691406250e+01
2.136962127685546875e+01
7.846871948242187500e+01
7.445340156555175781e+00
1.699038696289062500e+01
4.965110778808593750e+00
4.925667762756347656e+00
5.046630382537841797e+00
5.711025238037109375e+00
6.919615745544433594e+00
5.657144546508789062e+00
5.072432518005371094e+00
5.066773414611816406e+00
5.727125167846679688e+00
5.803444385528564453e+00
5.335350990295410156e+00
6.160415172576904297e+00
6.355895996093750000e+00
5.859813690185546875e+00
4.324971199035644531e+00
5.586850643157958984e+00
5.430466175079345703e+00
5.839515209197998047e+00
6.896821022033691406e+00
7.031909942626953125e+00
7.817018985748291016e+00
7.084076881408691406e+00
7.213606834411621094e+00
6.024683952331542969e+00
6.684008598327636719e+00
5.686598777770996094e+00
5.532362937927246094e+00
5.133227348327636719e+00
4.691852092742919922e+00
4.748623371124267578e+00
5.485083580017089844e+00
5.346673965454101562e+00
6.116965770721435547e+00
5.344832420349121094e+00
7.816695213317871094e+00
4.583322525024414062e+00
6.930148601531982422e+00
5.874220371246337891e+00
5.714210033416748047e+00
5.945469856262207031e+00
5.023684024810791016e+00
7.225287914276123047e+00
1.015675735473632812e+01
9.504678726196289062e+00
4.675524234771728516e+00
5.784969329833984375e+00
6.970622539520263672e+00
5.452754020690917969e+00
5.595039367675781250e+00
5.524814128875732422e+00
6.996104717254638672e+00
5.360256671905517578e+00
5.918006896972656250e+00
6.136907577514648438e+00
8.036396026611328125e+00
6.434851646423339844e+00
6.254064083099365234e+00
7.807511806488037109e+00
5.618650913238525391e+00
5.945396423339843750e+00
5.127114295959472656e+00
6.819894790649414062e+00
5.945038318634033203e+00
5.172587871551513672e+00
5.220197200775146484e+00
5.528913021087646484e+00
5.988883495330810547e+00
5.722708702087402344e+00
6.130044937133789062e+00
6.441026687622070312e+00
5.251839637756347656e+00
5.281442165374755859e+00
6.970445632934570312e+00
6.476155281066894531e+00
6.390748023986816406e+00
7.578363418579101562e+00
6.846021652221679688e+00
5.241688728332519531e+00
7.171893119812011719e+00
5.639341354370117188e+00
8.736272811889648438e+00
6.149174213409423828e+00
6.566108226776123047e+00
5.785632133483886719e+00
5.329668521881103516e+00
4.857993125915527344e+00
6.163532257080078125e+00
5.800060749053955078e+00
6.144804000854492188e+00
5.774978637695312500e+00
7.887457847595214844e+00
9.368783950805664062e+00
6.727982521057128906e+00
8.332592010498046875e+00
5.722919464111328125e+00
6.195919036865234375e+00
4.966343879699707031e+00
6.275869846343994141e+00
6.230914115905761719e+00
5.705177783966064453e+00
5.684492111206054688e+00
5.547125339508056641e+00
9.223575592041015625e+00
6.094353199005126953e+00
8.466569900512695312e+00
6.785075187683105469e+00
4.184993267059326172e+00
5.696633338928222656e+00
4.975261211395263672e+00
5.361124515533447266e+00
7.099063873291015625e+00
6.434935092926025391e+00
5.696957588195800781e+00
4.709581375122070312e+00
8.255340576171875000e+00
5.695047855377197266e+00
5.010437011718750000e+00
5.915147304534912109e+00
5.389278888702392578e+00
5.948413372039794922e+00
5.089549064636230469e+00
6.711103916168212891e+00
7.334907531738281250e+00
6.525564193725585938e+00
5.319279193878173828e+00
9.001968383789062500e+00
7.360359191894531250e+00
7.329757213592529297e+00
5.788203239440917969e+00
7.071088790893554688e+00
6.384363651275634766e+00
6.582141876220703125e+00
7.020011901855468750e+00
4.829977989196777344e+00
5.027409553527832031e+00
5.602519989013671875e+00
5.170092582702636719e+00
6.322471618652343750e+00
6.682160377502441406e+00
4.971683025360107422e+00
5.711839675903320312e+00
5.405653476715087891e+00
5.727508068084716797e+00
5.687156677246093750e+00
5.778112411499023438e+00
5.629417419433593750e+00
4.958515644073486328e+00
5.900352954864501953e+00
5.550216197967529297e+00
4.953057765960693359e+00
9.007681846618652344e+00
8.826107025146484375e+00
5.110849857330322266e+00
5.233978748321533203e+00
5.025088310241699219e+00
5.724907398223876953e+00
5.216279983520507812e+00
7.472113609313964844e+00
4.752371788024902344e+00
5.294699668884277344e+00
5.363643646240234375e+00
6.529221057891845703e+00
5.915277004241943359e+00
6.179732322692871094e+00
1.304169654846191406e+01
5.735361576080322266e+00
7.699499130249023438e+00
7.220036506652832031e+00
4.977626800537109375e+00
6.134534358978271484e+00
5.902012348175048828e+00
6.754683494567871094e+00
7.128129005432128906e+00
5.297525405883789062e+00
6.360952377319335938e+00
7.337088584899902344e+00
5.847187519073486328e+00
5.892182350158691406e+00
5.674456119537353516e+00
6.384366989135742188e+00
7.352678298950195312e+00
5.779591560363769531e+00
5.890896320343017578e+00
6.226915359497070312e+00
5.786299705505371094e+00
5.532492160797119141e+00
5.639533042907714844e+00
7.753093242645263672e+00
5.751186847686767578e+00
5.082082748413085938e+00
8.533655166625976562e+00
6.763289928436279297e+00
5.908172130584716797e+00
7.371045112609863281e+00
7.360688209533691406e+00
5.393236637115478516e+00
1.423390579223632812e+01
6.000371456146240234e+00
5.454891681671142578e+00
4.496816158294677734e+00
5.987869739532470703e+00
1.247278308868408203e+01
5.041820526123046875e+00
7.765326023101806641e+00
4.904020786285400391e+00
5.044776916503906250e+00
7.075663566589355469e+00
5.182055473327636719e+00
4.976973533630371094e+00
6.808318138122558594e+00
6.562785148620605469e+00
5.821835994720458984e+00
5.504470825195312500e+00
7.222041606903076172e+00
6.464546203613281250e+00
6.963988304138183594e+00
8.371704101562500000e+00
9.144737243652343750e+00
6.634417057037353516e+00
4.975277900695800781e+00
3.911779880523681641e+00
5.662548065185546875e+00
5.338430881500244141e+00
8.400362968444824219e+00
5.721503257751464844e+00
8.640077590942382812e+00
5.779823303222656250e+00
8.421955108642578125e+00
5.657894134521484375e+00
7.543605804443359375e+00
6.256012439727783203e+00
5.482361793518066406e+00
5.390149593353271484e+00
5.873465061187744141e+00
1.006954574584960938e+01
4.161519527435302734e+00
5.387764453887939453e+00
5.832384109497070312e+00
5.997642040252685547e+00
5.340215682983398438e+00
8.165199279785156250e+00
5.433394432067871094e+00
6.535667419433593750e+00
5.139886379241943359e+00
5.893188953399658203e+00
5.836557388305664062e+00
6.151094436645507812e+00
5.746246814727783203e+00
7.022274971008300781e+00
6.850551605224609375e+00
5.460299015045166016e+00
5.095380306243896484e+00
7.576556205749511719e+00
6.567061901092529297e+00
5.679124832153320312e+00
6.121201992034912109e+00
6.351406097412109375e+00
5.468749046325683594e+00
6.416406631469726562e+00
5.154032707214355469e+00
4.992488861083984375e+00
6.430753707885742188e+00
7.151495933532714844e+00
6.046354293823242188e+00
5.978423595428466797e+00
7.024399280548095703e+00
9.073270797729492188e+00
6.275734901428222656e+00
2.005376052856445312e+01
4.752099514007568359e+00
6.232442855834960938e+00
1.179673576354980469e+01
1.006451797485351562e+01
7.766198158264160156e+00
7.126096725463867188e+00
6.304501056671142578e+00
8.463012695312500000e+00
4.952856063842773438e+00
5.795331001281738281e+00
9.255779266357421875e+00
6.005485534667968750e+00
5.060369491577148438e+00
6.112447738647460938e+00
6.137916088104248047e+00
6.215060234069824219e+00
7.128878116607666016e+00
6.878336906433105469e+00
5.858253479003906250e+00
5.515820980072021484e+00
6.337465286254882812e+00
4.278695583343505859e+00
7.117604255676269531e+00
8.833715438842773438e+00
5.823374748229980469e+00
5.792424678802490234e+00
6.371293544769287109e+00
6.390231132507324219e+00
8.274429321289062500e+00
6.446000576019287109e+00
7.483363151550292969e+00
5.331214904785156250e+00
8.313279151916503906e+00
6.268335342407226562e+00
7.412269115447998047e+00
5.680190086364746094e+00
5.311276435852050781e+00
5.772789001464843750e+00
5.395138740539550781e+00
1.053647232055664062e+01
6.641441345214843750e+00
6.882328033447265625e+00
5.839511871337890625e+00
6.435006141662597656e+00
5.770871639251708984e+00
6.072652339935302734e+00
6.021758556365966797e+00
7.287455558776855469e+00
7.525952816009521484e+00
7.459335327148437500e+00
7.807200908660888672e+00
5.738312244415283203e+00
5.460892677307128906e+00
6.464082717895507812e+00
7.248871803283691406e+00
6.523746967315673828e+00
7.912087440490722656e+00
6.359383583068847656e+00
6.162428855895996094e+00
6.704956054687500000e+00
7.699755668640136719e+00
6.548177719116210938e+00
4.651752948760986328e+00
5.379891872406005859e+00
5.991297721862792969e+00
6.014647006988525391e+00
6.370093345642089844e+00
5.049860477447509766e+00
5.004216194152832031e+00
6.171534061431884766e+00
5.134828567504882812e+00
5.504481315612792969e+00
9.202108383178710938e+00
8.787505149841308594e+00
9.452138900756835938e+00
6.879041194915771484e+00
5.976851940155029297e+00
4.953307628631591797e+00
1.136171722412109375e+01
1.110015392303466797e+01
5.417548179626464844e+00
5.406079292297363281e+00
8.177321434020996094e+00
5.677016735076904297e+00
7.173133850097656250e+00
8.087128639221191406e+00
6.744879722595214844e+00
5.754517078399658203e+00
6.288434982299804688e+00
6.502613067626953125e+00
6.439303874969482422e+00
8.912666320800781250e+00
4.932402610778808594e+00
6.535694599151611328e+00
6.792236328125000000e+00
7.098933219909667969e+00
5.402396202087402344e+00
5.810319423675537109e+00
6.422586441040039062e+00
5.713993072509765625e+00
5.826483249664306641e+00
4.963132858276367188e+00
5.704029560089111328e+00
5.801199913024902344e+00
5.169880390167236328e+00
8.273882865905761719e+00
1.250604057312011719e+01
5.544911384582519531e+00
6.894413948059082031e+00
6.513137340545654297e+00
4.665435791015625000e+00
8.045030593872070312e+00
4.391953945159912109e+00
8.003142356872558594e+00
5.443133831024169922e+00
6.331812381744384766e+00
7.852997303009033203e+00
6.904344558715820312e+00
6.565052032470703125e+00
6.237079620361328125e+00
5.119321823120117188e+00
5.826633930206298828e+00
5.739674091339111328e+00
8.312525749206542969e+00
7.346548557281494141e+00
8.410728454589843750e+00
5.930528640747070312e+00
4.684082031250000000e+00
7.470712661743164062e+00
5.464371681213378906e+00
5.505908966064453125e+00
7.363515853881835938e+00
5.076426029205322266e+00
5.699141979217529297e+00
7.144396781921386719e+00
4.164974689483642578e+00
6.188747406005859375e+00
5.473677158355712891e+00
6.671869277954101562e+00
8.069955825805664062e+00
7.963095188140869141e+00
4.847782135009765625e+00
4.786680221557617188e+00
6.537189483642578125e+00
7.050490379333496094e+00
6.491705417633056641e+00
5.332639217376708984e+00
6.594804763793945312e+00
5.827039718627929688e+00
6.050680160522460938e+00
6.694352626800537109e+00
6.043367862701416016e+00
6.725356101989746094e+00
6.261661052703857422e+00
6.923636436462402344e+00
7.001199722290039062e+00
8.174653053283691406e+00
5.865292549133300781e+00
4.558780193328857422e+00
7.543241977691650391e+00
7.317405223846435547e+00
7.112475395202636719e+00
6.693725109100341797e+00
6.604148864746093750e+00
7.915848731994628906e+00
6.096477508544921875e+00
7.047106742858886719e+00
6.802032947540283203e+00
7.064541816711425781e+00
6.767055511474609375e+00
4.585973739624023438e+00
5.757847309112548828e+00
5.265881061553955078e+00
7.601362228393554688e+00
6.719965934753417969e+00
5.977801322937011719e+00
5.093498706817626953e+00
6.177000045776367188e+00
6.083511352539062500e+00
5.988544464111328125e+00
5.129595756530761719e+00
5.672745227813720703e+00
9.647994995117187500e+00
4.838769912719726562e+00
4.963451862335205078e+00
5.248553752899169922e+00
7.119485378265380859e+00
8.272504806518554688e+00
5.216234207153320312e+00
4.600611209869384766e+00
7.255548477172851562e+00
4.949985504150390625e+00
4.895635128021240234e+00
5.762257099151611328e+00
6.576325416564941406e+00
5.608501434326171875e+00
6.413833618164062500e+00
6.523482322692871094e+00
6.027726650238037109e+00
4.964743137359619141e+00
5.259603500366210938e+00
6.128174304962158203e+00
6.828658103942871094e+00
6.519721031188964844e+00
4.517403125762939453e+00
6.781267642974853516e+00
7.574627876281738281e+00
6.191373825073242188e+00
7.432164192199707031e+00
6.552006244659423828e+00
5.504182815551757812e+00
4.757127285003662109e+00
7.218570232391357422e+00
6.671872615814208984e+00
6.753115653991699219e+00
5.155757904052734375e+00
6.193891048431396484e+00
5.201272010803222656e+00
1.089083480834960938e+01
6.434339523315429688e+00
6.045547962188720703e+00
5.151631832122802734e+00
7.479890823364257812e+00
7.712279319763183594e+00
6.028486251831054688e+00
6.676741600036621094e+00
5.537368774414062500e+00
6.193113803863525391e+00
6.553788185119628906e+00
9.165681838989257812e+00
7.117904186248779297e+00
1.012325859069824219e+01
6.178478717803955078e+00
5.366619110107421875e+00
8.391144752502441406e+00
9.842433929443359375e+00
8.531307220458984375e+00
5.846496582031250000e+00
5.239745616912841797e+00
6.998993873596191406e+00
5.504835605621337891e+00
5.269678592681884766e+00
5.663259029388427734e+00
6.724837303161621094e+00
9.619462966918945312e+00
4.370218276977539062e+00
6.438303947448730469e+00
1.207493686676025391e+01
8.424392700195312500e+00
5.415278434753417969e+00
5.738350868225097656e+00
5.535806655883789062e+00
5.314925193786621094e+00
6.123122692108154297e+00
4.927093982696533203e+00
4.879235744476318359e+00
8.564148902893066406e+00
5.202275753021240234e+00
6.848325252532958984e+00
5.691226482391357422e+00
5.966028213500976562e+00
6.134406089782714844e+00
6.173755168914794922e+00
7.720179080963134766e+00
8.718794822692871094e+00
7.551384925842285156e+00
8.516393661499023438e+00
7.068478584289550781e+00
9.261665344238281250e+00
5.901669025421142578e+00
6.440115451812744141e+00
9.430831909179687500e+00
6.562329292297363281e+00
7.618229866027832031e+00
5.411129951477050781e+00
5.689753055572509766e+00
5.601242065429687500e+00
6.508726596832275391e+00
8.881905555725097656e+00
6.977104187011718750e+00
7.581072330474853516e+00
9.575305938720703125e+00
6.675436019897460938e+00
5.563292503356933594e+00
7.647871017456054688e+00
5.309439182281494141e+00
6.208329200744628906e+00
4.967686653137207031e+00
5.251419067382812500e+00
5.092883110046386719e+00
6.555047988891601562e+00
8.831132888793945312e+00
6.927877902984619141e+00
5.218163967132568359e+00
5.698276996612548828e+00
9.320724487304687500e+00
6.885795116424560547e+00
5.995575904846191406e+00
5.881614685058593750e+00
6.941444396972656250e+00
5.542694568634033203e+00
5.582128524780273438e+00
5.249406814575195312e+00
5.660233497619628906e+00
5.088717937469482422e+00
5.681166648864746094e+00
6.156774520874023438e+00
5.627517700195312500e+00
5.916351318359375000e+00
9.359289169311523438e+00
6.891841411590576172e+00
6.570750236511230469e+00
6.812665939331054688e+00
5.291325569152832031e+00
5.158069133758544922e+00
6.348424434661865234e+00
5.443959236145019531e+00
6.957863807678222656e+00
5.741139411926269531e+00
5.839726924896240234e+00
5.730523586273193359e+00
7.902238845825195312e+00
6.336458683013916016e+00
6.065767288208007812e+00
5.158065795898437500e+00
5.603170394897460938e+00
5.657171726226806641e+00
4.339213848114013672e+00
4.458113193511962891e+00
7.076582908630371094e+00
5.939629554748535156e+00
5.378269672393798828e+00
5.043015480041503906e+00
5.375435352325439453e+00
4.820269107818603516e+00
5.820223808288574219e+00
9.521369934082031250e+00
5.915218830108642578e+00
7.056958198547363281e+00
5.665031433105468750e+00
5.516000747680664062e+00
5.024812698364257812e+00
5.727195262908935547e+00
7.032950401306152344e+00
4.694807529449462891e+00
4.453509807586669922e+00
4.799434185028076172e+00
6.010767936706542969e+00
5.163896560668945312e+00
5.506826400756835938e+00
6.261871814727783203e+00
5.829648494720458984e+00
5.124132633209228516e+00
7.219309806823730469e+00
5.526391029357910156e+00
5.433279037475585938e+00
7.052268981933593750e+00
5.489205837249755859e+00
6.761298179626464844e+00
6.578211784362792969e+00
6.008293151855468750e+00
4.700940608978271484e+00
4.281276702880859375e+00
4.895793914794921875e+00
7.310868263244628906e+00
4.853421211242675781e+00
6.524811744689941406e+00
4.814803600311279297e+00
5.724049568176269531e+00
5.347197532653808594e+00
9.061106681823730469e+00
6.588745117187500000e+00
6.395438194274902344e+00
5.042567729949951172e+00
4.900478839874267578e+00
5.272896766662597656e+00
8.001203536987304688e+00
6.316959381103515625e+00
5.859606742858886719e+00
7.057856559753417969e+00
4.756419181823730469e+00
4.728988170623779297e+00
1.676092720031738281e+01
4.812536239624023438e+00
7.742153644561767578e+00
6.575150489807128906e+00
5.119391441345214844e+00
6.121830940246582031e+00
7.618325233459472656e+00
5.608134746551513672e+00
6.872350692749023438e+00
4.559462547302246094e+00
5.861766338348388672e+00
6.618603706359863281e+00
5.861057281494140625e+00
6.289505481719970703e+00
5.257804870605468750e+00
6.546672344207763672e+00
5.783503532409667969e+00
5.392681121826171875e+00
5.827670574188232422e+00
5.805916309356689453e+00
5.642085552215576172e+00
7.560825347900390625e+00
5.491979122161865234e+00
6.084107875823974609e+00
5.907066822052001953e+00
5.292376518249511719e+00
6.507859230041503906e+00
5.022651195526123047e+00
5.891183376312255859e+00
5.385136604309082031e+00
5.215329170227050781e+00
8.963176727294921875e+00
1.044613742828369141e+01
5.986645698547363281e+00
5.807147979736328125e+00
6.091709136962890625e+00
6.452794075012207031e+00
6.083346843719482422e+00
6.235059261322021484e+00
5.590781688690185547e+00
4.911363601684570312e+00
7.296015739440917969e+00
5.585811614990234375e+00
8.876724243164062500e+00
6.813870429992675781e+00
6.274545192718505859e+00
6.066854953765869141e+00
5.821863651275634766e+00
4.766059398651123047e+00
5.566426277160644531e+00
5.058779239654541016e+00
6.583852291107177734e+00
5.243898391723632812e+00
7.001648426055908203e+00
5.235490322113037109e+00
6.699840068817138672e+00
5.887283802032470703e+00
5.260904788970947266e+00
4.174999237060546875e+00
6.492479801177978516e+00
5.479615688323974609e+00
9.714933395385742188e+00
6.541063785552978516e+00
4.154860019683837891e+00
5.913341999053955078e+00
5.942319393157958984e+00
6.231684684753417969e+00
6.355827331542968750e+00
6.053197383880615234e+00
5.277950286865234375e+00
6.014339447021484375e+00
1.186601638793945312e+01
4.871152400970458984e+00
5.540862083435058594e+00
7.467960357666015625e+00
5.601707935333251953e+00
6.733451843261718750e+00
5.220491886138916016e+00
7.148378372192382812e+00
7.611138343811035156e+00
1.134798431396484375e+01
4.522017478942871094e+00
6.617511749267578125e+00
7.576160430908203125e+00
4.457181453704833984e+00
5.028958797454833984e+00
4.292107105255126953e+00
5.592247009277343750e+00
6.766192436218261719e+00
6.862276077270507812e+00
7.527610778808593750e+00
6.823870658874511719e+00
5.497117042541503906e+00
7.334174156188964844e+00
6.211349487304687500e+00
6.916584968566894531e+00
5.580516338348388672e+00
4.786877632141113281e+00
5.723391532897949219e+00
7.899797916412353516e+00
6.626191616058349609e+00
5.296009063720703125e+00
6.715860843658447266e+00
5.814746856689453125e+00
6.477936744689941406e+00
5.610687732696533203e+00
6.603441238403320312e+00
6.183347225189208984e+00
4.637123584747314453e+00
6.557841777801513672e+00
6.285722732543945312e+00
5.746485710144042969e+00
8.361574172973632812e+00
8.912937164306640625e+00
6.812354087829589844e+00
5.681154251098632812e+00
5.039629936218261719e+00
6.322150707244873047e+00
6.939556121826171875e+00
5.941222667694091797e+00
6.785556793212890625e+00
5.131841182708740234e+00
4.818725109100341797e+00
4.572812557220458984e+00
5.631065368652343750e+00
7.976821899414062500e+00
5.175601959228515625e+00
4.627337455749511719e+00
6.330552577972412109e+00
6.748373985290527344e+00
5.086951732635498047e+00
5.947381019592285156e+00
5.582110404968261719e+00
7.179502010345458984e+00
6.565643310546875000e+00
6.614136695861816406e+00
7.397450447082519531e+00
5.138180255889892578e+00
6.846558570861816406e+00
6.468630790710449219e+00
5.655096054077148438e+00
5.436641693115234375e+00
5.276293754577636719e+00
6.732486724853515625e+00
5.465150833129882812e+00
6.309612274169921875e+00
6.222100734710693359e+00
5.546201229095458984e+00
8.245047569274902344e+00
4.823947429656982422e+00
4.596448898315429688e+00
6.216111183166503906e+00
5.182524681091308594e+00
5.030525684356689453e+00
6.334324359893798828e+00
5.948451519012451172e+00
5.418458938598632812e+00
5.163446903228759766e+00
5.750162601470947266e+00
5.076875686645507812e+00
7.521134853363037109e+00
5.847420215606689453e+00
6.616091251373291016e+00
5.128879070281982422e+00
6.819848060607910156e+00
4.824603557586669922e+00
5.750114440917968750e+00
5.493462085723876953e+00
5.999028205871582031e+00
6.539154052734375000e+00
4.685647964477539062e+00
5.906171321868896484e+00
5.948078155517578125e+00
5.749623775482177734e+00
5.891957759857177734e+00
5.900497436523437500e+00
5.636699676513671875e+00
5.766964912414550781e+00
5.568241596221923828e+00
5.396829128265380859e+00
6.662131309509277344e+00
5.693953037261962891e+00
7.743730068206787109e+00
7.635585784912109375e+00
4.995223999023437500e+00
8.539537429809570312e+00
5.696378707885742188e+00
6.304409027099609375e+00
8.101603507995605469e+00
5.939423561096191406e+00
8.163805007934570312e+00
5.247428417205810547e+00
5.610063076019287109e+00
7.742437362670898438e+00
6.981094837188720703e+00
5.654240608215332031e+00
5.408679962158203125e+00
5.667064666748046875e+00
5.114130020141601562e+00
7.822731018066406250e+00
5.873297691345214844e+00
6.746580123901367188e+00
5.270925521850585938e+00
5.542887687683105469e+00
5.480244636535644531e+00
6.337122917175292969e+00
5.734301090240478516e+00
7.683958053588867188e+00
5.747659206390380859e+00
5.193572521209716797e+00
4.981397151947021484e+00
5.386728286743164062e+00
4.470017433166503906e+00
4.682866573333740234e+00
8.223252296447753906e+00
5.940876007080078125e+00
7.725934982299804688e+00
6.758321285247802734e+00
6.465955734252929688e+00
6.367982387542724609e+00
7.602382183074951172e+00
8.759510040283203125e+00
8.149889945983886719e+00
6.532242774963378906e+00
9.669414520263671875e+00
8.777634620666503906e+00
5.535055160522460938e+00
6.635467529296875000e+00
7.146025657653808594e+00
5.345269203186035156e+00
4.770067214965820312e+00
4.861964702606201172e+00
5.916796207427978516e+00
6.974995613098144531e+00
4.902455329895019531e+00
6.654472351074218750e+00
5.460666179656982422e+00
5.395005226135253906e+00
5.443591594696044922e+00
4.345998287200927734e+00
5.689557075500488281e+00
4.377321720123291016e+00
5.830889225006103516e+00
5.554729938507080078e+00
6.677435398101806641e+00
4.599186420440673828e+00
7.356486797332763672e+00
4.495528221130371094e+00
5.311232089996337891e+00
6.159158706665039062e+00
9.553016662597656250e+00
5.585154533386230469e+00
6.099211215972900391e+00
5.145332813262939453e+00
5.802467823028564453e+00
5.655291080474853516e+00
5.989271163940429688e+00
5.951082706451416016e+00
5.322650909423828125e+00
9.125913619995117188e+00
5.081945419311523438e+00
4.486963748931884766e+00
5.405202388763427734e+00
4.845492362976074219e+00
6.076552391052246094e+00
5.974349498748779297e+00
7.162030696868896484e+00
5.328716278076171875e+00
6.559967041015625000e+00
6.239813327789306641e+00
4.821146488189697266e+00
5.422290802001953125e+00
4.491205215454101562e+00
5.331566810607910156e+00
5.147867679595947266e+00
5.708621025085449219e+00
6.643275260925292969e+00
4.775104045867919922e+00
6.214742183685302734e+00
5.372367858886718750e+00
4.111364364624023438e+00
5.312413215637207031e+00
5.116911888122558594e+00
6.795335769653320312e+00
4.521285057067871094e+00
4.742893218994140625e+00
5.963163852691650391e+00
5.023675918579101562e+00
6.344872951507568359e+00
5.542669773101806641e+00
5.141821861267089844e+00
5.994220256805419922e+00
5.576139926910400391e+00
5.374615669250488281e+00
7.125982284545898438e+00
5.118708610534667969e+00
5.126286983489990234e+00
5.708486557006835938e+00
5.854680061340332031e+00
6.353205680847167969e+00
6.809267520904541016e+00
7.207823753356933594e+00
8.116288185119628906e+00
5.173011302947998047e+00
5.946821689605712891e+00
5.006089687347412109e+00
6.389167785644531250e+00
7.774221420288085938e+00
8.383014678955078125e+00
6.430038452148437500e+00
6.199181556701660156e+00
6.634347915649414062e+00
6.466710090637207031e+00
4.947900772094726562e+00
6.183748245239257812e+00
5.007417201995849609e+00
6.705727577209472656e+00
4.977271556854248047e+00
5.205596923828125000e+00
5.217554092407226562e+00
5.366928577423095703e+00
6.167972087860107422e+00
5.299413681030273438e+00
4.552398681640625000e+00
5.920281887054443359e+00
5.576257705688476562e+00
6.180754184722900391e+00
4.963657855987548828e+00
4.598433494567871094e+00
4.449890136718750000e+00
5.780211925506591797e+00
5.952716350555419922e+00
5.513496398925781250e+00
7.378735542297363281e+00
8.975003242492675781e+00
4.829858303070068359e+00
7.057131767272949219e+00
6.612962245941162109e+00
5.408623218536376953e+00
6.050313949584960938e+00
5.067394256591796875e+00
7.174283027648925781e+00
4.421351909637451172e+00
7.275084018707275391e+00
7.280659198760986328e+00
4.774060249328613281e+00
9.624889373779296875e+00
5.523342132568359375e+00
4.535412788391113281e+00
5.076826095581054688e+00
4.869691848754882812e+00
6.470882892608642578e+00
4.806293964385986328e+00
4.493224620819091797e+00
6.113495349884033203e+00
7.691774368286132812e+00
5.344611644744873047e+00
6.127291202545166016e+00
5.319470882415771484e+00
4.504451751708984375e+00
5.769319534301757812e+00
6.165728569030761719e+00
9.817911148071289062e+00
6.085794448852539062e+00
8.111733436584472656e+00
6.831438541412353516e+00
9.650226593017578125e+00
8.608263015747070312e+00
7.123505592346191406e+00
9.191766738891601562e+00
4.671935081481933594e+00
4.995124340057373047e+00
5.786701202392578125e+00
7.044829368591308594e+00
1.030431556701660156e+01
7.727709770202636719e+00
4.795743465423583984e+00
5.371767520904541016e+00
6.758904457092285156e+00
5.704271316528320312e+00
4.900591850280761719e+00
6.627308845520019531e+00
5.160672664642333984e+00
5.493910789489746094e+00
5.413209915161132812e+00
6.797706127166748047e+00
7.882338523864746094e+00
4.867940902709960938e+00
8.351251602172851562e+00
9.204092025756835938e+00
5.255585193634033203e+00
8.819484710693359375e+00
6.195592880249023438e+00
4.993858814239501953e+00
5.707145690917968750e+00
6.298140048980712891e+00
5.475843429565429688e+00
5.570518016815185547e+00
5.217578411102294922e+00
7.284412384033203125e+00
6.884633541107177734e+00
5.488525390625000000e+00
5.357463359832763672e+00
8.413339614868164062e+00
5.466307640075683594e+00
5.724240779876708984e+00
7.138659000396728516e+00
5.958802700042724609e+00
5.064352989196777344e+00
6.863573551177978516e+00
6.189252376556396484e+00
5.460222244262695312e+00
5.987293243408203125e+00
6.005913257598876953e+00
7.845351219177246094e+00
5.746130466461181641e+00
7.314838409423828125e+00
4.941091537475585938e+00
7.099805355072021484e+00
6.560349464416503906e+00
5.037386894226074219e+00
7.042381286621093750e+00
5.496648788452148438e+00
5.280475616455078125e+00
5.200479984283447266e+00
5.783411026000976562e+00
5.564389705657958984e+00
5.193974018096923828e+00
4.858818531036376953e+00
5.358258247375488281e+00
4.768305778503417969e+00
6.474234580993652344e+00
5.384004116058349609e+00
5.030222415924072266e+00
5.042263031005859375e+00
7.486743450164794922e+00
7.852930068969726562e+00
7.870435714721679688e+00
5.961635112762451172e+00
8.069035530090332031e+00
5.691859722137451172e+00
5.783712863922119141e+00
4.767744064331054688e+00
6.628968238830566406e+00
7.433906078338623047e+00
4.931898593902587891e+00
9.622949600219726562e+00
7.873614311218261719e+00
5.500789642333984375e+00
5.509542465209960938e+00
4.972119331359863281e+00
6.729740619659423828e+00
4.338300228118896484e+00
4.209001064300537109e+00
5.275699615478515625e+00
4.972193241119384766e+00
5.749913215637207031e+00
6.726694107055664062e+00
8.361773490905761719e+00
6.926412582397460938e+00
5.196407794952392578e+00
8.636612892150878906e+00
5.205127716064453125e+00
5.433905601501464844e+00
9.706962585449218750e+00
4.862446784973144531e+00
5.971464157104492188e+00
4.866484165191650391e+00
7.292323112487792969e+00
6.035382270812988281e+00
6.446356296539306641e+00
6.000752449035644531e+00
5.570631027221679688e+00
5.642336845397949219e+00
5.126327514648437500e+00
6.022489547729492188e+00
5.925325393676757812e+00
5.643595695495605469e+00
4.742511749267578125e+00
4.921915531158447266e+00
5.642374992370605469e+00
5.161058425903320312e+00
5.677579402923583984e+00
4.094820499420166016e+00
5.746031284332275391e+00
6.229104995727539062e+00
5.026338100433349609e+00
5.367458343505859375e+00
5.477126121520996094e+00
8.032218933105468750e+00
5.137019157409667969e+00
4.642702102661132812e+00
7.835397720336914062e+00
5.403526782989501953e+00
5.338685035705566406e+00
5.687147140502929688e+00
6.641991615295410156e+00
6.240709304809570312e+00
5.087695121765136719e+00
5.681933879852294922e+00
1.007809066772460938e+01
5.183600425720214844e+00
5.911029815673828125e+00
5.218640327453613281e+00
8.021057128906250000e+00
5.160652160644531250e+00
7.987981796264648438e+00
6.873980998992919922e+00
6.666606426239013672e+00
7.934228897094726562e+00
7.448608398437500000e+00
5.018321514129638672e+00
6.532481670379638672e+00
5.244263648986816406e+00
6.037729740142822266e+00
4.688772201538085938e+00
5.795718193054199219e+00
5.021711349487304688e+00
6.108582496643066406e+00
4.884398460388183594e+00
5.395656585693359375e+00
7.792670249938964844e+00
4.975195884704589844e+00
5.515133380889892578e+00
4.490960121154785156e+00
5.927916049957275391e+00
5.364702701568603516e+00
5.127011299133300781e+00
7.881854057312011719e+00
5.467318058013916016e+00
6.298860549926757812e+00
7.367464065551757812e+00
6.246600151062011719e+00
6.078151702880859375e+00
4.737856864929199219e+00
7.893846035003662109e+00
7.870409965515136719e+00
5.748863220214843750e+00
4.529088020324707031e+00
7.704413890838623047e+00
5.472178936004638672e+00
5.108100891113281250e+00
5.491837501525878906e+00
4.243537425994873047e+00
5.430775165557861328e+00
4.647869586944580078e+00
9.172903060913085938e+00
1.437245273590087891e+01
5.716558933258056641e+00
5.143698215484619141e+00
5.912334442138671875e+00
7.712709426879882812e+00
4.910340309143066406e+00
5.591088294982910156e+00
6.393547058105468750e+00
5.203321933746337891e+00
6.443601608276367188e+00
6.387923717498779297e+00
5.345897674560546875e+00
6.653224945068359375e+00
5.466708660125732422e+00
4.754749298095703125e+00
5.522285461425781250e+00
5.460230350494384766e+00
3.646607160568237305e+00
5.581585884094238281e+00
6.738665103912353516e+00
5.837601661682128906e+00
4.680150032043457031e+00
4.040405750274658203e+00
4.356737136840820312e+00
5.628584861755371094e+00
5.392717361450195312e+00
5.019038200378417969e+00
5.453386306762695312e+00
6.312500476837158203e+00
5.650489330291748047e+00
5.809832096099853516e+00
5.030413627624511719e+00
5.519656181335449219e+00
7.611945152282714844e+00
5.044163227081298828e+00
6.814264774322509766e+00
5.981688976287841797e+00
4.622417926788330078e+00
6.691063880920410156e+00
4.389555454254150391e+00
7.075785636901855469e+00
4.719607830047607422e+00
5.091175079345703125e+00
6.610287666320800781e+00
6.049883842468261719e+00
4.625456809997558594e+00
5.062618732452392578e+00
5.024414062500000000e+00
6.297193527221679688e+00
4.904146671295166016e+00
5.448036670684814453e+00
6.407821655273437500e+00
5.516580104827880859e+00
5.411106109619140625e+00
7.964794158935546875e+00
6.949994087219238281e+00
5.405832767486572266e+00
5.614230155944824219e+00
5.022836208343505859e+00
5.543400764465332031e+00
4.085857391357421875e+00
5.745390892028808594e+00
4.933649063110351562e+00
5.762180805206298828e+00
6.763516902923583984e+00
4.397850513458251953e+00
5.306348800659179688e+00
6.434302806854248047e+00
5.328049659729003906e+00
7.884322643280029297e+00
5.778213024139404297e+00
4.844255924224853516e+00
5.661407470703125000e+00
5.900815010070800781e+00
7.978562355041503906e+00
4.960229873657226562e+00
7.557401657104492188e+00
5.547657012939453125e+00
5.830361843109130859e+00
6.182374000549316406e+00
5.168148517608642578e+00
5.893159389495849609e+00
6.448383331298828125e+00
5.227281093597412109e+00
6.201602458953857422e+00
7.006923198699951172e+00
4.242288589477539062e+00
5.784525871276855469e+00
4.473312854766845703e+00
5.763629913330078125e+00
5.709225654602050781e+00
5.220902919769287109e+00
5.055839061737060547e+00
5.641368389129638672e+00
6.971694946289062500e+00
4.742719173431396484e+00
5.221576213836669922e+00
5.053446769714355469e+00
5.436147212982177734e+00
6.065599441528320312e+00
6.960436820983886719e+00
6.546279907226562500e+00
6.407407283782958984e+00
5.398158550262451172e+00
5.594928264617919922e+00
5.657092094421386719e+00
4.606184959411621094e+00
6.087269306182861328e+00
4.174384593963623047e+00
6.479931831359863281e+00
5.342142105102539062e+00
5.363262176513671875e+00
5.611812591552734375e+00
6.353565216064453125e+00
6.341622352600097656e+00
6.367394447326660156e+00
6.394956588745117188e+00
7.114978790283203125e+00
6.587137222290039062e+00
5.320144176483154297e+00
4.987212657928466797e+00
6.110450267791748047e+00
5.161638736724853516e+00
5.066542625427246094e+00
4.030780315399169922e+00
5.686697006225585938e+00
3.890391826629638672e+00
5.198237419128417969e+00
4.794885158538818359e+00
5.371886253356933594e+00
4.917006492614746094e+00
4.492575168609619141e+00
4.389055252075195312e+00
4.460726261138916016e+00
6.638096809387207031e+00
4.589592933654785156e+00
6.524315357208251953e+00
5.473093032836914062e+00
5.921729564666748047e+00
4.550535202026367188e+00
4.794865608215332031e+00
5.144476890563964844e+00
4.821069717407226562e+00
9.221942901611328125e+00
5.611958026885986328e+00
4.474628925323486328e+00
6.615850448608398438e+00
8.877558708190917969e+00
5.410735607147216797e+00
5.112409591674804688e+00
5.988892555236816406e+00
5.524218082427978516e+00
7.792657852172851562e+00
4.779908657073974609e+00
5.024179935455322266e+00
5.583735942840576172e+00
5.075818538665771484e+00
7.735691070556640625e+00
4.547465801239013672e+00
6.156490325927734375e+00
5.035161495208740234e+00
4.447854042053222656e+00
6.584087371826171875e+00
5.517141342163085938e+00
7.167051315307617188e+00
5.428963661193847656e+00
5.924501895904541016e+00
5.719119548797607422e+00
5.202368736267089844e+00
4.929843425750732422e+00
5.359926700592041016e+00
7.781863689422607422e+00
6.621856212615966797e+00
4.465556621551513672e+00
5.855014324188232422e+00
5.585366249084472656e+00
5.737802028656005859e+00
6.102283477783203125e+00
6.164229869842529297e+00
8.012529373168945312e+00
6.416239738464355469e+00
6.882014274597167969e+00
5.830861091613769531e+00
4.950472831726074219e+00
4.856577873229980469e+00
6.023393630981445312e+00
4.934414386749267578e+00
5.705296993255615234e+00
5.446743488311767578e+00
5.417153835296630859e+00
5.784113407135009766e+00
6.186028003692626953e+00
5.458741188049316406e+00
4.332830905914306641e+00
5.960810661315917969e+00
5.244367122650146484e+00
5.749262332916259766e+00
7.085975646972656250e+00
5.585495471954345703e+00
5.190905570983886719e+00
5.463246822357177734e+00
6.946353912353515625e+00
4.648557186126708984e+00
5.820949554443359375e+00
5.411890029907226562e+00
5.340011596679687500e+00
5.248962402343750000e+00
4.816929817199707031e+00
7.082017898559570312e+00
5.575160503387451172e+00
5.368776798248291016e+00
5.561742782592773438e+00
5.302016258239746094e+00
6.619635581970214844e+00
5.003529071807861328e+00
7.430127143859863281e+00
6.148437023162841797e+00
8.188742637634277344e+00
7.446719169616699219e+00
5.588521480560302734e+00
4.898273468017578125e+00
4.785840034484863281e+00
5.096424579620361328e+00
5.623404026031494141e+00
5.875483036041259766e+00
6.036976814270019531e+00
6.447253227233886719e+00
7.651179313659667969e+00
6.013396263122558594e+00
5.206943511962890625e+00
5.920275688171386719e+00
4.660528182983398438e+00
6.760232925415039062e+00
4.895115375518798828e+00
9.919066429138183594e+00
6.087532997131347656e+00
5.025069236755371094e+00
5.058284282684326172e+00
4.619091510772705078e+00
6.709354400634765625e+00
5.424900531768798828e+00
4.222153663635253906e+00
4.403411865234375000e+00
6.594808101654052734e+00
4.457462787628173828e+00
1.015374469757080078e+01
4.628765583038330078e+00
8.860486984252929688e+00
5.507678985595703125e+00
7.312151908874511719e+00
6.278509616851806641e+00
5.472988605499267578e+00
4.867340087890625000e+00
7.359104156494140625e+00
7.028629302978515625e+00
6.479648590087890625e+00
5.050248146057128906e+00
4.690902709960937500e+00
6.567986488342285156e+00
6.620831489562988281e+00
6.531338691711425781e+00
6.464985847473144531e+00
6.183852672576904297e+00
5.416173458099365234e+00
9.571598052978515625e+00
5.368067264556884766e+00
7.114816665649414062e+00
7.479805469512939453e+00
7.477744102478027344e+00
5.308182239532470703e+00
4.572051525115966797e+00
7.488518714904785156e+00
9.236835479736328125e+00
8.787685394287109375e+00
6.669352531433105469e+00
5.373788833618164062e+00
5.369543552398681641e+00
8.569473266601562500e+00
8.603645324707031250e+00
4.890953540802001953e+00
1.031381607055664062e+01
5.187447547912597656e+00
5.236189842224121094e+00
4.816091060638427734e+00
6.173662662506103516e+00
6.013221740722656250e+00
5.342715263366699219e+00
5.735678672790527344e+00
6.004764556884765625e+00
6.719701766967773438e+00
4.992404460906982422e+00
7.926736831665039062e+00
5.944078445434570312e+00
4.559473514556884766e+00
5.687726020812988281e+00
7.439820289611816406e+00
7.320431232452392578e+00
5.571384906768798828e+00
6.544874191284179688e+00
6.495473384857177734e+00
5.657605171203613281e+00
4.640955448150634766e+00
6.620923995971679688e+00
7.060932636260986328e+00
8.981637954711914062e+00
5.398957729339599609e+00
4.619842052459716797e+00
5.601642131805419922e+00
5.222981452941894531e+00
6.278207778930664062e+00
5.725825309753417969e+00
6.455846309661865234e+00
6.253362655639648438e+00
8.298089027404785156e+00
5.655102729797363281e+00
7.135889053344726562e+00
5.294243335723876953e+00
8.165110588073730469e+00
5.135233879089355469e+00
6.206277847290039062e+00
5.115520000457763672e+00
5.149345397949218750e+00
6.082395076751708984e+00
5.551626205444335938e+00
5.890972137451171875e+00
5.649965286254882812e+00
6.235369682312011719e+00
5.022221565246582031e+00
5.526998519897460938e+00
4.729167938232421875e+00
6.540380001068115234e+00
5.727663516998291016e+00
5.580516338348388672e+00
5.059957981109619141e+00
6.039650917053222656e+00
6.696165084838867188e+00
4.940405368804931641e+00
5.362536907196044922e+00
6.678153038024902344e+00
5.362628936767578125e+00
5.949466705322265625e+00
5.466722488403320312e+00
4.672539710998535156e+00
6.123644828796386719e+00
6.118611812591552734e+00
4.615193843841552734e+00
5.514132022857666016e+00
4.932215690612792969e+00
5.415367603302001953e+00
5.772761821746826172e+00
5.988927841186523438e+00
5.791316032409667969e+00
5.803265094757080078e+00
6.084433078765869141e+00
4.568173885345458984e+00
6.540800094604492188e+00
5.196938991546630859e+00
5.999170780181884766e+00
5.933752059936523438e+00
7.553565502166748047e+00
6.199953556060791016e+00
5.329075813293457031e+00
6.339721679687500000e+00
5.100275993347167969e+00
4.581513404846191406e+00
6.307231426239013672e+00
5.465368747711181641e+00
6.321547031402587891e+00
5.002652645111083984e+00
5.496068477630615234e+00
5.351882934570312500e+00
5.920245170593261719e+00
6.347072601318359375e+00
4.612079620361328125e+00
6.777062892913818359e+00
6.774396419525146484e+00
6.857865810394287109e+00
6.379387378692626953e+00
4.650848865509033203e+00
6.100461959838867188e+00
6.571444511413574219e+00
7.297809123992919922e+00
5.657870292663574219e+00
5.084636688232421875e+00
6.455330848693847656e+00
4.321168899536132812e+00
5.009133338928222656e+00
6.134653091430664062e+00
6.934024810791015625e+00
8.824237823486328125e+00
5.749433994293212891e+00
5.934287071228027344e+00
5.823478698730468750e+00
6.151280879974365234e+00
6.932653427124023438e+00
6.796613693237304688e+00
5.413938522338867188e+00
5.275800704956054688e+00
6.658249855041503906e+00
6.672592163085937500e+00
7.091239452362060547e+00
5.927571296691894531e+00
4.444552421569824219e+00
5.767265796661376953e+00
6.659836769104003906e+00
6.414072036743164062e+00
6.293354988098144531e+00
6.150640964508056641e+00
5.082592010498046875e+00
6.399576663970947266e+00
6.191879272460937500e+00
5.170084953308105469e+00
5.139520645141601562e+00
4.837259292602539062e+00
5.181947231292724609e+00
7.928774356842041016e+00
6.177758216857910156e+00
5.156070709228515625e+00
4.157235622406005859e+00
4.679762363433837891e+00
7.229525566101074219e+00
5.436624526977539062e+00
8.008599281311035156e+00
5.957783222198486328e+00
5.396439552307128906e+00
5.395956516265869141e+00
6.531057357788085938e+00
5.675892829895019531e+00
6.786539077758789062e+00
4.869173526763916016e+00
5.593292236328125000e+00
5.976892471313476562e+00
5.883537292480468750e+00
5.801716804504394531e+00
7.955472946166992188e+00
7.252802371978759766e+00
4.503622055053710938e+00
5.660884857177734375e+00
5.889568328857421875e+00
6.055154800415039062e+00
7.186418533325195312e+00
9.337392807006835938e+00
3.907740592956542969e+00
6.292588710784912109e+00
5.010090827941894531e+00
4.801635742187500000e+00
6.719778060913085938e+00
7.286779403686523438e+00
5.617160320281982422e+00
5.787828922271728516e+00
8.302770614624023438e+00
6.239213943481445312e+00
5.885467052459716797e+00
6.779216766357421875e+00
6.225380897521972656e+00
6.854192733764648438e+00
6.356040000915527344e+00
5.701312541961669922e+00
6.011317729949951172e+00
5.660654067993164062e+00
6.326389312744140625e+00
5.408720970153808594e+00
7.743119239807128906e+00
5.443858146667480469e+00
6.491995811462402344e+00
6.404947280883789062e+00
5.851749897003173828e+00
9.464357376098632812e+00
5.802837848663330078e+00
5.379333496093750000e+00
5.652873516082763672e+00
6.194091796875000000e+00
6.463417053222656250e+00
5.553774356842041016e+00
5.803838729858398438e+00
6.399667739868164062e+00
6.990797996520996094e+00
6.415045261383056641e+00
7.098166465759277344e+00
6.083906173706054688e+00
7.783638477325439453e+00
6.417183399200439453e+00
4.362995624542236328e+00
6.599701404571533203e+00
5.998675346374511719e+00
6.161249160766601562e+00
5.832725048065185547e+00
5.307873249053955078e+00
6.967016220092773438e+00
5.520461082458496094e+00
7.037797451019287109e+00
7.530281066894531250e+00
6.518978595733642578e+00
5.098941326141357422e+00
6.275807380676269531e+00
3.839631080627441406e+00
7.718863487243652344e+00
5.648388862609863281e+00
6.691948890686035156e+00
6.398600578308105469e+00
7.174674034118652344e+00
7.653308868408203125e+00
6.210826873779296875e+00
6.794820308685302734e+00
5.360718250274658203e+00
6.640754699707031250e+00
5.482620239257812500e+00
5.505295753479003906e+00
4.692487239837646484e+00
6.795531272888183594e+00
6.244019985198974609e+00
5.667346477508544922e+00
7.038000106811523438e+00
5.667635440826416016e+00
6.078554630279541016e+00
5.334748268127441406e+00
5.793178558349609375e+00
5.091123580932617188e+00
6.119619846343994141e+00
7.041197776794433594e+00
4.865358829498291016e+00
4.764459609985351562e+00
5.143963813781738281e+00
6.152056694030761719e+00
6.587805271148681641e+00
4.328413486480712891e+00
4.406750679016113281e+00
5.265526771545410156e+00
5.954957485198974609e+00
6.328944206237792969e+00
4.216763973236083984e+00
6.184321403503417969e+00
4.987060546875000000e+00
5.083190917968750000e+00
6.942460060119628906e+00
5.475419998168945312e+00
5.629247665405273438e+00
7.960348129272460938e+00
5.872588157653808594e+00
5.934716701507568359e+00
8.839139938354492188e+00
6.142000198364257812e+00
5.428342819213867188e+00
4.365549564361572266e+00
6.070917129516601562e+00
6.953608512878417969e+00
6.438999176025390625e+00
6.138174533843994141e+00
5.403364658355712891e+00
5.657524585723876953e+00
7.762632369995117188e+00
6.766321182250976562e+00
5.702837467193603516e+00
5.206546783447265625e+00
6.860158443450927734e+00
6.400640010833740234e+00
5.968645095825195312e+00
7.261276245117187500e+00
8.325426101684570312e+00
6.149496078491210938e+00
4.908108711242675781e+00
7.503320693969726562e+00
9.298686981201171875e+00
5.792343139648437500e+00
6.825271606445312500e+00
6.053752899169921875e+00
6.366861343383789062e+00
5.071634292602539062e+00
5.553617477416992188e+00
4.562144279479980469e+00
5.200487136840820312e+00
7.108958244323730469e+00
5.476042270660400391e+00
6.762434959411621094e+00
6.653105258941650391e+00
6.653166770935058594e+00
5.292738914489746094e+00
5.053715705871582031e+00
5.668148040771484375e+00
6.826781749725341797e+00
4.539628982543945312e+00
5.781242847442626953e+00
4.737298965454101562e+00
4.981913089752197266e+00
5.700928688049316406e+00
5.428593158721923828e+00
8.313049316406250000e+00
4.692064285278320312e+00
4.942404747009277344e+00
4.814328670501708984e+00
5.531494617462158203e+00
5.399816036224365234e+00
5.805806636810302734e+00
5.587112426757812500e+00
5.574419975280761719e+00
6.241173267364501953e+00
6.142857551574707031e+00
7.775941371917724609e+00
6.099702835083007812e+00
6.402511596679687500e+00
5.588967323303222656e+00
6.497632503509521484e+00
5.509204387664794922e+00
5.191895484924316406e+00
6.039949417114257812e+00
6.380177497863769531e+00
5.039298057556152344e+00
6.821390151977539062e+00
5.193618774414062500e+00
7.457808017730712891e+00
6.363742828369140625e+00
5.951283931732177734e+00
6.236986637115478516e+00
5.962170600891113281e+00
5.071782112121582031e+00
5.536900043487548828e+00
6.319234371185302734e+00
5.703630924224853516e+00
5.054197788238525391e+00
5.868885993957519531e+00
6.438254833221435547e+00
4.922858715057373047e+00
5.395086765289306641e+00
6.268263816833496094e+00
5.814079761505126953e+00
5.190353393554687500e+00
5.815687179565429688e+00
9.737037658691406250e+00
5.847320556640625000e+00
6.873513221740722656e+00
5.245388031005859375e+00
5.913470268249511719e+00
7.073719024658203125e+00
4.548513412475585938e+00
6.033999919891357422e+00
6.424288749694824219e+00
5.572981357574462891e+00
6.393213272094726562e+00
6.178860187530517578e+00
5.315358161926269531e+00
6.240314960479736328e+00
4.686734676361083984e+00
7.141175270080566406e+00
6.556652545928955078e+00
6.226817131042480469e+00
5.664116382598876953e+00
6.035316467285156250e+00
5.877200603485107422e+00
5.247704505920410156e+00
5.085341930389404297e+00
5.081809520721435547e+00
7.330748558044433594e+00
6.400087356567382812e+00
6.266813278198242188e+00
4.762153148651123047e+00
5.074677467346191406e+00
5.738185405731201172e+00
5.422499656677246094e+00
5.988211631774902344e+00
7.848121643066406250e+00
5.579411983489990234e+00
5.294467449188232422e+00
6.792195320129394531e+00
5.543076038360595703e+00
7.460206031799316406e+00
4.761086463928222656e+00
5.076519012451171875e+00
6.164106369018554688e+00
7.015794754028320312e+00
8.580950736999511719e+00
6.274746894836425781e+00
6.263926982879638672e+00
6.474522590637207031e+00
9.265092849731445312e+00
6.745951175689697266e+00
5.698491573333740234e+00
5.840167045593261719e+00
4.837021827697753906e+00
6.670239448547363281e+00
7.631421089172363281e+00
6.397093772888183594e+00
6.645536422729492188e+00
7.230564594268798828e+00
5.590805053710937500e+00
7.310192108154296875e+00
5.255141258239746094e+00
4.887613296508789062e+00
5.415352821350097656e+00
6.406434059143066406e+00
4.716823101043701172e+00
5.767710685729980469e+00
4.840318679809570312e+00
5.804357051849365234e+00
5.363891124725341797e+00
5.496279239654541016e+00
6.891180992126464844e+00
8.035487174987792969e+00
5.691261291503906250e+00
6.916728019714355469e+00
5.784174919128417969e+00
4.741683006286621094e+00
6.729737281799316406e+00
5.151005744934082031e+00
6.292851448059082031e+00
4.969532966613769531e+00
5.458393573760986328e+00
4.808821678161621094e+00
8.853040695190429688e+00
4.872045040130615234e+00
6.832694530487060547e+00
7.288746833801269531e+00
5.205101966857910156e+00
6.991002082824707031e+00
5.711122035980224609e+00
6.324664592742919922e+00
6.055009841918945312e+00
7.118183135986328125e+00
8.170496940612792969e+00
5.731143474578857422e+00
6.073932170867919922e+00
7.768514633178710938e+00
6.906658649444580078e+00
6.680315971374511719e+00
6.001857757568359375e+00
8.235051155090332031e+00
5.314898490905761719e+00
4.737356185913085938e+00
6.433784484863281250e+00
5.502320766448974609e+00
5.016058921813964844e+00
6.440360069274902344e+00
6.077180862426757812e+00
4.887229442596435547e+00
5.223183631896972656e+00
5.561936378479003906e+00
4.463932037353515625e+00
6.955883979797363281e+00
7.014768600463867188e+00
5.505068302154541016e+00
5.397013187408447266e+00
4.707628726959228516e+00
6.588414192199707031e+00
4.880208969116210938e+00
6.653625488281250000e+00
5.563782215118408203e+00
7.524440765380859375e+00
7.536109447479248047e+00
5.554574966430664062e+00
5.483055114746093750e+00
6.176564693450927734e+00
5.544462203979492188e+00
6.195371627807617188e+00
5.388124942779541016e+00
5.673377990722656250e+00
6.968185901641845703e+00
5.267193794250488281e+00
5.741597175598144531e+00
5.587037563323974609e+00
4.821744441986083984e+00
6.861723899841308594e+00
6.777506828308105469e+00
5.807301998138427734e+00
5.189254283905029297e+00
6.623906135559082031e+00
4.717301368713378906e+00
7.346686363220214844e+00
5.059638023376464844e+00
5.835416793823242188e+00
6.367202281951904297e+00
5.602397918701171875e+00
3.924162149429321289e+00
5.715025901794433594e+00
4.766548633575439453e+00
6.436053752899169922e+00
5.363724708557128906e+00
5.088061809539794922e+00
4.940059185028076172e+00
5.624782562255859375e+00
6.583641052246093750e+00
6.891707420349121094e+00
7.667874813079833984e+00
6.678531646728515625e+00
7.166363716125488281e+00
6.911775588989257812e+00
5.352828979492187500e+00
5.804243087768554688e+00
7.734633445739746094e+00
5.621629238128662109e+00
6.382133960723876953e+00
6.763757705688476562e+00
4.057420730590820312e+00
6.564507961273193359e+00
6.246181488037109375e+00
7.739466667175292969e+00
5.943237781524658203e+00
5.207844257354736328e+00
4.537371158599853516e+00
6.416496753692626953e+00
6.457819461822509766e+00
6.584420680999755859e+00
4.825732707977294922e+00
6.322549343109130859e+00
4.622657299041748047e+00
4.548732280731201172e+00
6.849271774291992188e+00
6.660230636596679688e+00
6.947295188903808594e+00
5.256251335144042969e+00
5.950218677520751953e+00
6.792081356048583984e+00
4.992515087127685547e+00
5.673674583435058594e+00
5.048490047454833984e+00
5.406910419464111328e+00
4.909729003906250000e+00
5.720663070678710938e+00
8.221938133239746094e+00
4.398594379425048828e+00
5.915940284729003906e+00
5.085167884826660156e+00
7.705966949462890625e+00
5.857030391693115234e+00
5.800405979156494141e+00
5.228586673736572266e+00
4.966296195983886719e+00
5.355664730072021484e+00
4.599261760711669922e+00
6.922234535217285156e+00
7.297269344329833984e+00
5.573564529418945312e+00
4.839025020599365234e+00
6.456039905548095703e+00
5.727180480957031250e+00
5.979810714721679688e+00
5.482783317565917969e+00
5.253794670104980469e+00
4.632884979248046875e+00
7.416373252868652344e+00
6.705456256866455078e+00
4.469769954681396484e+00
6.308620452880859375e+00
4.598089218139648438e+00
6.518722534179687500e+00
5.312585830688476562e+00
7.069150924682617188e+00
6.642826557159423828e+00
4.810598850250244141e+00
4.869462013244628906e+00
6.752059459686279297e+00
6.167213916778564453e+00
5.957626819610595703e+00
4.604256153106689453e+00
5.939756870269775391e+00
5.279326438903808594e+00
4.216969490051269531e+00
6.201937198638916016e+00
5.964447975158691406e+00
5.286844253540039062e+00
6.997997760772705078e+00
5.863130092620849609e+00
5.533042907714843750e+00
7.273600578308105469e+00
5.302468776702880859e+00
5.461831569671630859e+00
5.247400283813476562e+00
5.545321464538574219e+00
5.276286602020263672e+00
5.832159042358398438e+00
7.159996509552001953e+00
7.383562088012695312e+00
4.967198371887207031e+00
5.613361358642578125e+00
5.342766284942626953e+00
6.836524963378906250e+00
5.468178749084472656e+00
5.932569980621337891e+00
6.244893550872802734e+00
7.296849250793457031e+00
6.708572387695312500e+00
6.006365299224853516e+00
6.122502326965332031e+00
4.527967929840087891e+00
5.403689384460449219e+00
5.697676181793212891e+00
5.955388069152832031e+00
6.816009998321533203e+00
5.925008773803710938e+00
5.237408161163330078e+00
6.386443138122558594e+00
4.200335502624511719e+00
5.326336860656738281e+00
5.249686241149902344e+00
5.617922306060791016e+00
5.292518138885498047e+00
5.255438327789306641e+00
4.858499050140380859e+00
4.823478221893310547e+00
7.055545806884765625e+00
5.381505489349365234e+00
6.131224632263183594e+00
5.509140014648437500e+00
5.255432128906250000e+00
4.411427974700927734e+00
5.468635559082031250e+00
6.196574211120605469e+00
5.170108795166015625e+00
4.761291980743408203e+00
6.287651062011718750e+00
6.111444950103759766e+00
5.381850242614746094e+00
6.215023040771484375e+00
4.913656234741210938e+00
5.048317909240722656e+00
6.235486030578613281e+00
5.022732734680175781e+00
6.008258819580078125e+00
6.361755847930908203e+00
4.679039478302001953e+00
5.241016387939453125e+00
4.671056270599365234e+00
5.441869735717773438e+00
4.247782707214355469e+00
5.203100681304931641e+00
4.376031398773193359e+00
4.210158824920654297e+00
9.260033607482910156e+00
4.741959571838378906e+00
7.790731906890869141e+00
5.150728702545166016e+00
6.817533493041992188e+00
6.920146942138671875e+00
5.005609512329101562e+00
6.152812004089355469e+00
6.974787712097167969e+00
4.402074813842773438e+00
5.066628932952880859e+00
6.442212581634521484e+00
6.091640472412109375e+00
5.009757041931152344e+00
5.282866477966308594e+00
5.122907161712646484e+00
6.871415615081787109e+00
5.161780834197998047e+00
5.539201736450195312e+00
6.702296257019042969e+00
5.332423210144042969e+00
4.366242885589599609e+00
4.865100860595703125e+00
5.198490142822265625e+00
5.199795246124267578e+00
4.170781612396240234e+00
5.641001224517822266e+00
4.446014881134033203e+00
5.944890975952148438e+00
6.248392105102539062e+00
5.323533058166503906e+00
5.286499977111816406e+00
5.544327735900878906e+00
7.845468521118164062e+00
4.824630737304687500e+00
5.589158058166503906e+00
6.115638732910156250e+00
6.409118652343750000e+00
4.951993465423583984e+00
5.259079933166503906e+00
5.716475963592529297e+00
5.109131813049316406e+00
4.895763874053955078e+00
4.739943504333496094e+00
4.592301368713378906e+00
5.501376152038574219e+00
5.779715538024902344e+00
4.372240543365478516e+00
6.123136043548583984e+00
4.067521095275878906e+00
4.820376873016357422e+00
5.390775680541992188e+00
7.519425392150878906e+00
6.246738910675048828e+00
6.465155601501464844e+00
5.035157680511474609e+00
5.802628040313720703e+00
5.873935699462890625e+00
5.331367492675781250e+00
6.196893692016601562e+00
4.959177017211914062e+00
5.750861167907714844e+00
6.260326385498046875e+00
5.789745330810546875e+00
7.328013420104980469e+00
5.932113170623779297e+00
6.267826080322265625e+00
5.627053737640380859e+00
5.342719078063964844e+00
4.888955116271972656e+00
8.450435638427734375e+00
4.668905258178710938e+00
5.801090240478515625e+00
6.226061820983886719e+00
4.681600570678710938e+00
5.270924091339111328e+00
4.732720375061035156e+00
4.841871261596679688e+00
5.156631946563720703e+00
6.863121509552001953e+00
5.603498458862304688e+00
5.177010536193847656e+00
6.601080417633056641e+00
5.916624546051025391e+00
4.837600231170654297e+00
5.809396266937255859e+00
5.633554935455322266e+00
5.554394721984863281e+00
4.779298782348632812e+00
4.933256149291992188e+00
5.699233055114746094e+00
6.524288177490234375e+00
5.841232776641845703e+00
4.538445472717285156e+00
4.188536643981933594e+00
5.915209770202636719e+00
6.204108715057373047e+00
4.907462120056152344e+00
6.075305938720703125e+00
5.454281806945800781e+00
5.194028377532958984e+00
5.426231384277343750e+00
5.403615951538085938e+00
5.639952659606933594e+00
4.575376987457275391e+00
5.815005302429199219e+00
5.005545139312744141e+00
5.141091346740722656e+00
4.560824871063232422e+00
5.113885879516601562e+00
4.399596214294433594e+00
5.328591346740722656e+00
6.416038513183593750e+00
6.893934726715087891e+00
6.679258346557617188e+00
5.815587043762207031e+00
5.758621215820312500e+00
5.112239360809326172e+00
5.415789127349853516e+00
4.943561077117919922e+00
4.619622707366943359e+00
6.585045814514160156e+00
4.612217903137207031e+00
6.836762905120849609e+00
5.601232051849365234e+00
6.230114459991455078e+00
5.133440971374511719e+00
4.756558418273925781e+00
5.456718444824218750e+00
7.880156517028808594e+00
5.797814369201660156e+00
5.710575103759765625e+00
6.362915992736816406e+00
5.552809238433837891e+00
7.734616756439208984e+00
5.123095035552978516e+00
6.333657741546630859e+00
6.830412864685058594e+00
4.699032783508300781e+00
6.412836551666259766e+00
4.690452575683593750e+00
5.671854019165039062e+00
5.619166374206542969e+00
6.099245548248291016e+00
6.325231552124023438e+00
7.604022026062011719e+00
6.964592933654785156e+00
6.160237789154052734e+00
5.644926548004150391e+00
4.828879833221435547e+00
6.167758941650390625e+00
5.387525558471679688e+00
4.508472919464111328e+00
4.914711475372314453e+00
5.011345863342285156e+00
4.357903480529785156e+00
5.728605747222900391e+00
5.419160366058349609e+00
5.464927196502685547e+00
6.602438449859619141e+00
5.314281940460205078e+00
5.942018508911132812e+00
6.460857391357421875e+00
4.853278160095214844e+00
5.007603645324707031e+00
5.217610836029052734e+00
5.520445346832275391e+00
5.907845020294189453e+00
5.858721733093261719e+00
5.445950031280517578e+00
8.305665016174316406e+00
5.403228759765625000e+00
6.467224597930908203e+00
5.559905052185058594e+00
5.695150375366210938e+00
4.151446342468261719e+00
5.049689292907714844e+00
6.382210731506347656e+00
6.165721416473388672e+00
5.644494533538818359e+00
5.589188575744628906e+00
5.071119308471679688e+00
5.739192962646484375e+00
5.088200092315673828e+00
5.675737380981445312e+00
6.291567325592041016e+00
5.108800888061523438e+00
5.105329513549804688e+00
5.746370792388916016e+00
4.717031002044677734e+00
4.377656459808349609e+00
5.467711448669433594e+00
6.094300270080566406e+00
5.587512493133544922e+00
5.140602588653564453e+00
4.267070770263671875e+00
8.209660530090332031e+00
5.013028144836425781e+00
5.020434379577636719e+00
5.706323623657226562e+00
6.406349658966064453e+00
4.967269420623779297e+00
4.969706535339355469e+00
5.128619670867919922e+00
4.426369190216064453e+00
5.280057907104492188e+00
4.787981986999511719e+00
4.674002647399902344e+00
3.853034496307373047e+00
6.467238426208496094e+00
5.615533828735351562e+00
6.103635787963867188e+00
5.838407993316650391e+00
6.631566047668457031e+00
5.740555763244628906e+00
6.105367660522460938e+00
5.874283790588378906e+00
6.087746143341064453e+00
5.263305664062500000e+00
5.503418922424316406e+00
5.214948654174804688e+00
5.831636428833007812e+00
7.883470535278320312e+00
6.074710845947265625e+00
5.245980739593505859e+00
7.060809135437011719e+00
4.728650093078613281e+00
4.728976726531982422e+00
5.497124671936035156e+00
4.985445022583007812e+00
6.189575195312500000e+00
4.938168048858642578e+00
5.087687969207763672e+00
4.764471530914306641e+00
4.512812614440917969e+00
5.253958225250244141e+00
4.257029056549072266e+00
5.776614189147949219e+00
4.769795894622802734e+00
5.337591171264648438e+00
5.196496009826660156e+00
4.131752014160156250e+00
5.776269435882568359e+00
5.721319675445556641e+00
5.666523933410644531e+00
5.768708229064941406e+00
6.133298873901367188e+00
6.160543918609619141e+00
7.273163795471191406e+00
5.062912464141845703e+00
5.015891551971435547e+00
5.775394916534423828e+00
6.979473114013671875e+00
5.110940456390380859e+00
5.989848136901855469e+00
5.582565307617187500e+00
5.267337799072265625e+00
6.573453903198242188e+00
5.849576950073242188e+00
5.635881423950195312e+00
5.413166046142578125e+00
5.145488739013671875e+00
5.361567974090576172e+00
5.053954601287841797e+00
5.952602386474609375e+00
4.961652278900146484e+00
5.820699691772460938e+00
5.210590362548828125e+00
5.017410755157470703e+00
4.947272777557373047e+00
5.647304534912109375e+00
5.309122562408447266e+00
4.382843017578125000e+00
4.526696681976318359e+00
6.299469947814941406e+00
7.383028030395507812e+00
5.263120174407958984e+00
5.702428817749023438e+00
5.555732727050781250e+00
5.822812080383300781e+00
7.656908988952636719e+00
5.293443679809570312e+00
6.659934997558593750e+00
7.334605693817138672e+00
8.660131454467773438e+00
4.873428344726562500e+00
5.529283046722412109e+00
6.134752273559570312e+00
7.667493820190429688e+00
6.892969131469726562e+00
4.827855110168457031e+00
6.994440078735351562e+00
7.712177276611328125e+00
6.044497489929199219e+00
5.016665935516357422e+00
6.361179351806640625e+00
7.165679454803466797e+00
6.241243362426757812e+00
6.979363441467285156e+00
6.892897605895996094e+00
6.217979431152343750e+00
5.683804512023925781e+00
4.937871932983398438e+00
6.326394081115722656e+00
7.402883529663085938e+00
5.601227760314941406e+00
6.260186672210693359e+00
7.504382133483886719e+00
4.751667022705078125e+00
6.157116889953613281e+00
6.262301445007324219e+00
5.043523788452148438e+00
7.360285758972167969e+00
6.177740573883056641e+00
6.660707473754882812e+00
4.837917804718017578e+00
4.844004631042480469e+00
6.530281543731689453e+00
5.573381423950195312e+00
6.342172145843505859e+00
6.160434722900390625e+00
4.289518833160400391e+00
5.040857791900634766e+00
5.808099746704101562e+00
6.462789535522460938e+00
8.367673873901367188e+00
5.540988922119140625e+00
7.078405380249023438e+00
6.266647338867187500e+00
7.173917770385742188e+00
6.356258392333984375e+00
6.853086471557617188e+00
5.309431076049804688e+00
6.427474021911621094e+00
4.333339691162109375e+00
7.626713752746582031e+00
5.765202522277832031e+00
5.278656959533691406e+00
6.522659778594970703e+00
4.938905715942382812e+00
5.161964416503906250e+00
5.903367042541503906e+00
6.241152763366699219e+00
6.481379032135009766e+00
6.164255619049072266e+00
5.954085350036621094e+00
6.432981491088867188e+00
5.076674938201904297e+00
6.274375915527343750e+00
6.642465591430664062e+00
7.680882453918457031e+00
6.449902534484863281e+00
6.638715744018554688e+00
5.928569316864013672e+00
5.226080417633056641e+00
7.818576812744140625e+00
5.403357505798339844e+00
5.196505546569824219e+00
5.072937011718750000e+00
6.315060615539550781e+00
6.141714096069335938e+00
6.463179588317871094e+00
6.288373470306396484e+00
5.098560333251953125e+00
5.872148513793945312e+00
4.823158740997314453e+00
5.006305694580078125e+00
6.706780433654785156e+00
5.546324729919433594e+00
6.097139358520507812e+00
5.214951038360595703e+00
4.515204429626464844e+00
6.741268157958984375e+00
5.273365974426269531e+00
5.899480819702148438e+00
6.463454246520996094e+00
8.172421455383300781e+00
5.994740962982177734e+00
4.308330059051513672e+00
5.000332355499267578e+00
7.174492835998535156e+00
6.902952194213867188e+00
5.882587909698486328e+00
6.959376811981201172e+00
6.525923728942871094e+00
6.391393661499023438e+00
6.425120353698730469e+00
7.327857494354248047e+00
5.980151176452636719e+00
6.114464282989501953e+00
5.968076705932617188e+00
5.741670131683349609e+00
6.104801177978515625e+00
7.176030158996582031e+00
6.863489627838134766e+00
8.162672042846679688e+00
5.603284835815429688e+00
5.048460960388183594e+00
5.095708370208740234e+00
7.908277034759521484e+00
5.994974613189697266e+00
7.532399177551269531e+00
4.942737102508544922e+00
4.962553024291992188e+00
6.160246372222900391e+00
6.010237693786621094e+00
6.773319244384765625e+00
6.681852340698242188e+00
7.249600410461425781e+00
5.783841609954833984e+00
7.022011280059814453e+00
6.693282604217529297e+00
6.787914276123046875e+00
7.243964672088623047e+00
7.195631027221679688e+00
6.672982215881347656e+00
6.688302040100097656e+00
5.649986267089843750e+00
6.216140747070312500e+00
6.941772937774658203e+00
5.251834869384765625e+00
4.969688415527343750e+00
5.763730049133300781e+00
6.915751457214355469e+00
6.556184768676757812e+00
7.926491737365722656e+00
6.804953575134277344e+00
6.271904468536376953e+00
6.862408638000488281e+00
7.221917629241943359e+00
6.358005523681640625e+00
5.851382732391357422e+00
6.513595581054687500e+00
7.351014614105224609e+00
7.721967697143554688e+00
7.537434577941894531e+00
8.053483963012695312e+00
7.362170219421386719e+00
6.639801979064941406e+00
6.568515300750732422e+00
5.193933010101318359e+00
7.054466247558593750e+00
7.055526733398437500e+00
7.066086769104003906e+00
6.335602283477783203e+00
6.130086898803710938e+00
5.399333000183105469e+00
7.385939121246337891e+00
6.101975440979003906e+00
6.212444305419921875e+00
6.344835281372070312e+00
6.249288082122802734e+00
5.852476596832275391e+00
4.579176425933837891e+00
6.947041988372802734e+00
4.361144542694091797e+00
6.674887657165527344e+00
6.073442935943603516e+00
7.766768455505371094e+00
5.632121086120605469e+00
4.721135616302490234e+00
6.354886531829833984e+00
4.874417781829833984e+00
5.514019966125488281e+00
6.264424324035644531e+00
5.339097976684570312e+00
6.844429969787597656e+00
6.452301025390625000e+00
5.842241287231445312e+00
7.550059795379638672e+00
4.962208271026611328e+00
6.755594253540039062e+00
7.442654132843017578e+00
5.449334144592285156e+00
5.232280254364013672e+00
5.161832809448242188e+00
5.488895893096923828e+00
5.311987400054931641e+00
7.137736797332763672e+00
9.435816764831542969e+00
7.690103530883789062e+00
6.095497131347656250e+00
6.682487487792968750e+00
4.783922195434570312e+00
6.012190341949462891e+00
7.308499336242675781e+00
7.076233863830566406e+00
6.960815429687500000e+00
7.296535968780517578e+00
4.588207721710205078e+00
7.012664318084716797e+00
7.253476619720458984e+00
5.464433670043945312e+00
6.556952476501464844e+00
5.972630023956298828e+00
5.286191940307617188e+00
5.190128326416015625e+00
7.234686851501464844e+00
4.597176551818847656e+00
5.629755973815917969e+00
6.812458038330078125e+00
6.006906509399414062e+00
4.595698356628417969e+00
5.951892852783203125e+00
6.150738716125488281e+00
6.399075031280517578e+00
4.286888599395751953e+00
6.424359798431396484e+00
5.915449142456054688e+00
6.941961288452148438e+00
5.260668754577636719e+00
5.931733131408691406e+00
6.517425060272216797e+00
5.585859298706054688e+00
5.236153602600097656e+00
6.262364387512207031e+00
6.239206314086914062e+00
7.339611053466796875e+00
5.226584434509277344e+00
5.672348976135253906e+00
6.167782306671142578e+00
5.443996429443359375e+00
5.954616546630859375e+00
5.730250835418701172e+00
6.090671062469482422e+00
5.093497276306152344e+00
6.605335235595703125e+00
5.360279560089111328e+00
5.314037322998046875e+00
6.699496269226074219e+00
5.737768650054931641e+00
6.355401039123535156e+00
5.813041210174560547e+00
6.679134368896484375e+00
6.660241603851318359e+00
6.160088539123535156e+00
5.366415023803710938e+00
5.516564846038818359e+00
7.650237083435058594e+00
5.685412406921386719e+00
5.390889644622802734e+00
6.439652442932128906e+00
6.753089427947998047e+00
4.186728954315185547e+00
7.363410472869873047e+00
5.576401233673095703e+00
6.492182254791259766e+00
5.247479438781738281e+00
5.487644672393798828e+00
7.251580238342285156e+00
6.663866519927978516e+00
7.199481010437011719e+00
6.186376571655273438e+00
8.434629440307617188e+00
6.133863925933837891e+00
8.418722152709960938e+00
4.653072357177734375e+00
6.208519935607910156e+00
6.486926078796386719e+00
6.005955696105957031e+00
6.046875476837158203e+00
5.570696830749511719e+00
7.025162220001220703e+00
6.193518161773681641e+00
5.551175117492675781e+00
5.320020675659179688e+00
6.596379756927490234e+00
4.632701873779296875e+00
6.891750335693359375e+00
5.468898773193359375e+00
5.749306201934814453e+00
5.329544544219970703e+00
5.077015399932861328e+00
7.132255554199218750e+00
5.794533252716064453e+00
4.794056892395019531e+00
4.588001251220703125e+00
5.959591865539550781e+00
6.493623256683349609e+00
5.659190654754638672e+00
5.452065467834472656e+00
5.370479106903076172e+00
6.182812690734863281e+00
6.924941062927246094e+00
4.788958072662353516e+00
6.559483528137207031e+00
6.935809135437011719e+00
5.672146797180175781e+00
5.355712890625000000e+00
5.709083080291748047e+00
6.750201225280761719e+00
7.186529636383056641e+00
6.190173625946044922e+00
6.985865116119384766e+00
6.555790901184082031e+00
5.526004314422607422e+00
7.156381130218505859e+00
5.415750026702880859e+00
5.332840442657470703e+00
6.378273963928222656e+00
7.213726520538330078e+00
6.362419605255126953e+00
5.462357521057128906e+00
6.687779426574707031e+00
4.496413707733154297e+00
7.513709068298339844e+00
5.835091590881347656e+00
7.593266487121582031e+00
5.268620014190673828e+00
5.853924751281738281e+00
5.335189819335937500e+00
4.954531192779541016e+00
5.536577224731445312e+00
7.982665061950683594e+00
6.023901462554931641e+00
6.975009918212890625e+00
6.570964336395263672e+00
5.742925643920898438e+00
7.189401149749755859e+00
5.123795509338378906e+00
6.976880550384521484e+00
6.596856594085693359e+00
5.899695396423339844e+00
6.442901611328125000e+00
4.955762863159179688e+00
4.624807834625244141e+00
5.354526519775390625e+00
4.917906761169433594e+00
5.282139301300048828e+00
5.485791683197021484e+00
4.480669498443603516e+00
5.543125152587890625e+00
4.770161628723144531e+00
4.867592811584472656e+00
5.456704139709472656e+00
4.468415260314941406e+00
5.106890201568603516e+00
5.121126174926757812e+00
3.444182634353637695e+00
5.553437709808349609e+00
5.386677742004394531e+00
5.121993541717529297e+00
7.061052799224853516e+00
4.570237636566162109e+00
8.277371406555175781e+00
5.339760780334472656e+00
4.445044994354248047e+00
4.987699508666992188e+00
4.881141185760498047e+00
6.472929000854492188e+00
5.126049995422363281e+00
5.325649738311767578e+00
4.527553558349609375e+00
5.694210052490234375e+00
5.253876209259033203e+00
5.616391181945800781e+00
6.188551425933837891e+00
5.123494148254394531e+00
5.106053829193115234e+00
6.167798995971679688e+00
5.357150077819824219e+00
4.999809265136718750e+00
4.765860557556152344e+00
4.770934104919433594e+00
4.636009693145751953e+00
7.640115261077880859e+00
5.910291671752929688e+00
4.692436218261718750e+00
5.189985752105712891e+00
5.295888900756835938e+00
4.915556907653808594e+00
6.693192005157470703e+00
6.281120300292968750e+00
5.310877323150634766e+00
5.205226898193359375e+00
5.224104881286621094e+00
7.484370231628417969e+00
5.691861629486083984e+00
5.803544998168945312e+00
6.497520446777343750e+00
4.874075889587402344e+00
5.259616374969482422e+00
5.613554954528808594e+00
4.829292297363281250e+00
5.191500186920166016e+00
4.968532085418701172e+00
5.534649848937988281e+00
5.867594242095947266e+00
6.595198631286621094e+00
4.824628829956054688e+00
6.108255386352539062e+00
5.259397506713867188e+00
4.903755187988281250e+00
6.689945697784423828e+00
5.620244503021240234e+00
5.231470584869384766e+00
4.776445388793945312e+00
7.473077774047851562e+00
5.408994674682617188e+00
5.085100173950195312e+00
6.387799739837646484e+00
5.069412708282470703e+00
5.594366073608398438e+00
5.330499649047851562e+00
5.647769927978515625e+00
5.279353141784667969e+00
6.220243930816650391e+00
4.721814632415771484e+00
5.758849620819091797e+00
5.557533740997314453e+00
6.013009071350097656e+00
5.863990306854248047e+00
5.420944213867187500e+00
5.135499000549316406e+00
5.856538772583007812e+00
7.301210403442382812e+00
5.294473648071289062e+00
5.318817138671875000e+00
5.861392021179199219e+00
5.900155067443847656e+00
5.376604557037353516e+00
5.997240066528320312e+00
5.097611904144287109e+00
6.032307147979736328e+00
5.859802246093750000e+00
5.402467727661132812e+00
6.341903209686279297e+00
5.874249458312988281e+00
5.146370887756347656e+00
5.556948184967041016e+00
4.426892280578613281e+00
4.974899291992187500e+00
5.192319869995117188e+00
5.132985115051269531e+00
4.002838134765625000e+00
5.149523735046386719e+00
5.326322078704833984e+00
5.241257667541503906e+00
5.417109966278076172e+00
5.312299251556396484e+00
6.496520519256591797e+00
5.185064792633056641e+00
5.533698558807373047e+00
5.430664062500000000e+00
6.309760093688964844e+00
5.645084857940673828e+00
5.580238342285156250e+00
4.462099552154541016e+00
4.955023288726806641e+00
4.971315860748291016e+00
4.772212505340576172e+00
4.942048072814941406e+00
4.869956016540527344e+00
5.689624309539794922e+00
5.551963329315185547e+00
4.284532546997070312e+00
6.161635875701904297e+00
5.575623035430908203e+00
4.945123195648193359e+00
5.176254272460937500e+00
5.875550270080566406e+00
5.018733978271484375e+00
5.328163146972656250e+00
5.031414985656738281e+00
4.749301910400390625e+00
5.107350826263427734e+00
5.356253623962402344e+00
5.075194358825683594e+00
5.640439510345458984e+00
6.326412677764892578e+00
6.161146640777587891e+00
4.477051734924316406e+00
6.772231578826904297e+00
5.100543022155761719e+00
4.314594745635986328e+00
5.733573913574218750e+00
4.615716934204101562e+00
5.899204730987548828e+00
4.673429965972900391e+00
4.685034751892089844e+00
4.918943405151367188e+00
4.510481357574462891e+00
5.345460414886474609e+00
5.105200290679931641e+00
5.832818031311035156e+00
5.251523494720458984e+00
5.395867347717285156e+00
4.313677787780761719e+00
5.047367095947265625e+00
5.252818584442138672e+00
5.429762363433837891e+00
4.259073734283447266e+00
4.950237274169921875e+00
4.697582244873046875e+00
4.945462226867675781e+00
4.650348186492919922e+00
5.608386516571044922e+00
4.823470592498779297e+00
4.988485336303710938e+00
5.266249656677246094e+00
4.611295700073242188e+00
5.365910530090332031e+00
5.955141067504882812e+00
4.833940505981445312e+00
5.058244228363037109e+00
5.227544784545898438e+00
5.998775482177734375e+00
5.213287830352783203e+00
5.329658031463623047e+00
5.307048320770263672e+00
5.589311599731445312e+00
4.984732151031494141e+00
5.737603187561035156e+00
5.855699062347412109e+00
5.284874916076660156e+00
5.150248050689697266e+00
4.614211082458496094e+00
4.974027633666992188e+00
6.810551166534423828e+00
6.144889831542968750e+00
5.570735931396484375e+00
5.888738155364990234e+00
6.041646957397460938e+00
6.970026969909667969e+00
5.395567417144775391e+00
6.444827079772949219e+00
6.446584224700927734e+00
7.446600914001464844e+00
6.988777160644531250e+00
5.412861824035644531e+00
5.731695652008056641e+00
5.472031593322753906e+00
4.486126422882080078e+00
4.184868335723876953e+00
6.563313484191894531e+00
5.203226089477539062e+00
6.046433448791503906e+00
4.572346210479736328e+00
5.703508377075195312e+00
5.680239200592041016e+00
4.834675788879394531e+00
4.595236301422119141e+00
6.587467670440673828e+00
5.843899726867675781e+00
5.167362213134765625e+00
5.183989048004150391e+00
5.639174461364746094e+00
5.309675693511962891e+00
7.011798858642578125e+00
5.169566631317138672e+00
4.818120002746582031e+00
4.725428104400634766e+00
4.619540214538574219e+00
4.413897514343261719e+00
5.049858093261718750e+00
5.357952117919921875e+00
5.254899978637695312e+00
6.563956260681152344e+00
5.487330913543701172e+00
5.404186248779296875e+00
4.695911407470703125e+00
4.480682373046875000e+00
5.736507892608642578e+00
5.589811325073242188e+00
5.361735343933105469e+00
5.801613330841064453e+00
6.247503757476806641e+00
6.034569740295410156e+00
5.618881225585937500e+00
6.137397766113281250e+00
5.550131797790527344e+00
5.500532150268554688e+00
5.085747241973876953e+00
5.836354255676269531e+00
4.555823802947998047e+00
5.562479496002197266e+00
5.229892730712890625e+00
6.824948787689208984e+00
5.562565803527832031e+00
4.743111133575439453e+00
4.928370475769042969e+00
5.481569290161132812e+00
5.740357875823974609e+00
4.924828052520751953e+00
5.352241039276123047e+00
6.705318927764892578e+00
4.974128246307373047e+00
5.944576263427734375e+00
4.366696357727050781e+00
5.596329212188720703e+00
5.477290630340576172e+00
5.182826042175292969e+00
4.247956752777099609e+00
6.112835884094238281e+00
5.020752906799316406e+00
5.077524185180664062e+00
6.747537612915039062e+00
6.026044368743896484e+00
5.817558765411376953e+00
5.839846134185791016e+00
5.029878616333007812e+00
5.656884193420410156e+00
4.999965667724609375e+00
5.693917751312255859e+00
4.301943302154541016e+00
5.623915195465087891e+00
4.563792705535888672e+00
5.765523910522460938e+00
6.856691360473632812e+00
5.534214019775390625e+00
5.108892440795898438e+00
4.414511680603027344e+00
4.780447006225585938e+00
6.609794139862060547e+00
4.458330631256103516e+00
5.339166164398193359e+00
5.130810737609863281e+00
5.828008651733398438e+00
5.083675384521484375e+00
6.383551597595214844e+00
5.247301578521728516e+00
5.780465126037597656e+00
4.849306583404541016e+00
5.026521682739257812e+00
4.845318794250488281e+00
5.326899051666259766e+00
4.600837230682373047e+00
4.586735725402832031e+00
5.510214328765869141e+00
5.360448837280273438e+00
4.686136245727539062e+00
4.911722183227539062e+00
5.600315093994140625e+00
4.782160758972167969e+00
4.860354423522949219e+00
5.552407264709472656e+00
5.985227584838867188e+00
6.329767227172851562e+00
5.543860435485839844e+00
5.089130878448486328e+00
6.056983947753906250e+00
4.501058101654052734e+00
6.692398071289062500e+00
7.553072929382324219e+00
6.038823604583740234e+00
5.639300346374511719e+00
5.820993423461914062e+00
4.668440341949462891e+00
5.249700069427490234e+00
5.072419166564941406e+00
4.738900184631347656e+00
5.217782497406005859e+00
4.849228382110595703e+00
4.856897830963134766e+00
6.235926151275634766e+00
5.102900981903076172e+00
5.896021842956542969e+00
5.474795818328857422e+00
4.407220840454101562e+00
5.148355484008789062e+00
4.605081081390380859e+00
4.999221801757812500e+00
5.516935825347900391e+00
5.248093605041503906e+00
4.886584758758544922e+00
5.568964958190917969e+00
5.936540603637695312e+00
5.305375099182128906e+00
4.165156841278076172e+00
5.898831367492675781e+00
4.947726726531982422e+00
5.362403392791748047e+00
6.454835414886474609e+00
4.943095207214355469e+00
4.899307727813720703e+00
5.929466247558593750e+00
4.654968738555908203e+00
4.825686454772949219e+00
5.361670494079589844e+00
6.543254852294921875e+00
6.517313957214355469e+00
3.649831295013427734e+00
5.613254070281982422e+00
5.000330448150634766e+00
5.029942035675048828e+00
5.303231239318847656e+00
5.122835159301757812e+00
6.732140541076660156e+00
5.322041511535644531e+00
5.156342983245849609e+00
5.782658100128173828e+00
5.834364414215087891e+00
5.807411193847656250e+00
4.724088668823242188e+00
5.658982753753662109e+00
4.457295894622802734e+00
6.182907104492187500e+00
4.944488525390625000e+00
4.870203495025634766e+00
6.016714572906494141e+00
4.378705978393554688e+00
4.610820770263671875e+00
5.728034496307373047e+00
5.237058639526367188e+00
5.252536296844482422e+00
4.804049015045166016e+00
6.286103248596191406e+00
5.576121807098388672e+00
5.344254493713378906e+00
5.447548389434814453e+00
6.717155456542968750e+00
4.138379573822021484e+00
4.589713573455810547e+00
6.523715019226074219e+00
4.932246685028076172e+00
5.440484523773193359e+00
4.704044818878173828e+00
4.724021911621093750e+00
6.682332992553710938e+00
4.422800064086914062e+00
4.927059650421142578e+00
5.381643772125244141e+00
6.400789737701416016e+00
5.038628578186035156e+00
5.713798046112060547e+00
5.639661788940429688e+00
5.612291336059570312e+00
5.893411636352539062e+00
4.331154823303222656e+00
5.366248130798339844e+00
5.354032516479492188e+00
4.668512344360351562e+00
6.473638534545898438e+00
3.843950271606445312e+00
6.996533393859863281e+00
5.212114334106445312e+00
5.088764190673828125e+00
5.641353607177734375e+00
5.546135902404785156e+00
8.816028594970703125e+00
5.589032173156738281e+00
4.495445728302001953e+00
4.936254501342773438e+00
6.366494655609130859e+00
4.774151325225830078e+00
5.536021709442138672e+00
5.275619029998779297e+00
6.399008274078369141e+00
5.469611644744873047e+00
5.000593662261962891e+00
4.441605091094970703e+00
5.124417304992675781e+00
6.441831588745117188e+00
5.038443088531494141e+00
5.296761989593505859e+00
5.150010108947753906e+00
4.939032554626464844e+00
5.333900928497314453e+00
5.339261531829833984e+00
4.806140899658203125e+00
5.454552650451660156e+00
6.633434295654296875e+00
4.686786651611328125e+00
5.910204887390136719e+00
5.516945362091064453e+00
7.000115394592285156e+00
5.076212882995605469e+00
4.695677757263183594e+00
5.231177806854248047e+00
4.819525718688964844e+00
4.934366226196289062e+00
5.345048427581787109e+00
4.477011203765869141e+00
5.681580543518066406e+00
6.197073936462402344e+00
5.140927791595458984e+00
5.180699825286865234e+00
4.603805065155029297e+00
5.261164665222167969e+00
4.896655082702636719e+00
5.898986339569091797e+00
5.787617683410644531e+00
5.424519062042236328e+00
5.346322536468505859e+00
5.203950881958007812e+00
7.003359794616699219e+00
5.051863670349121094e+00
4.874209403991699219e+00
4.788210868835449219e+00
4.986448287963867188e+00
5.014255523681640625e+00
4.631525039672851562e+00
4.912322998046875000e+00
5.092837333679199219e+00
4.784460067749023438e+00
4.618148803710937500e+00
4.924894809722900391e+00
5.219264030456542969e+00
5.623966217041015625e+00
5.843793869018554688e+00
5.721105575561523438e+00
5.792099952697753906e+00
4.867275714874267578e+00
5.749365329742431641e+00
5.248138427734375000e+00
4.166471958160400391e+00
4.847661018371582031e+00
5.211483001708984375e+00
5.354962825775146484e+00
5.403526306152343750e+00
5.632665634155273438e+00
5.274091243743896484e+00
5.685205936431884766e+00
5.598670005798339844e+00
5.519019126892089844e+00
5.845058917999267578e+00
5.012760162353515625e+00
5.336615085601806641e+00
3.731565237045288086e+00
5.220852375030517578e+00
5.297670364379882812e+00
5.506037712097167969e+00
5.131155967712402344e+00
5.882667064666748047e+00
5.072540760040283203e+00
5.775532722473144531e+00
5.173029422760009766e+00
6.047489643096923828e+00
4.850264072418212891e+00
5.396487236022949219e+00
5.318427562713623047e+00
5.149025917053222656e+00
5.005792617797851562e+00
6.066093921661376953e+00
4.390698432922363281e+00
5.857425689697265625e+00
5.345467090606689453e+00
5.383292198181152344e+00
4.956018447875976562e+00
7.410838603973388672e+00
5.466547966003417969e+00
5.323773384094238281e+00
6.753846645355224609e+00
6.397000312805175781e+00
6.442943572998046875e+00
5.264778137207031250e+00
6.247584819793701172e+00
5.366456985473632812e+00
6.215628147125244141e+00
6.083808898925781250e+00
4.614306449890136719e+00
5.049655914306640625e+00
5.864491462707519531e+00
4.992762088775634766e+00
5.100495338439941406e+00
4.340454101562500000e+00
5.718882083892822266e+00
5.608392238616943359e+00
6.888296127319335938e+00
4.905212402343750000e+00
4.690423011779785156e+00
4.891799926757812500e+00
4.368417739868164062e+00
5.389205455780029297e+00
5.852814674377441406e+00
4.541776180267333984e+00
5.384967327117919922e+00
5.425590991973876953e+00
4.756901264190673828e+00
5.074611663818359375e+00
4.911800384521484375e+00
5.027779102325439453e+00
4.709106922149658203e+00
5.294524669647216797e+00
5.773881912231445312e+00
5.223149776458740234e+00
6.250638008117675781e+00
5.449394226074218750e+00
4.423389911651611328e+00
6.485901355743408203e+00
4.861299514770507812e+00
5.040917873382568359e+00
4.345916748046875000e+00
4.427049636840820312e+00
4.853679656982421875e+00
5.058039665222167969e+00
5.458285331726074219e+00
6.751628875732421875e+00
5.755046844482421875e+00
5.100767612457275391e+00
5.656571388244628906e+00
6.207885742187500000e+00
4.525804519653320312e+00
5.388263225555419922e+00
5.921613216400146484e+00
5.464482307434082031e+00
5.242734432220458984e+00
5.486285209655761719e+00
5.489503383636474609e+00
6.077092647552490234e+00
5.042094707489013672e+00
4.948108673095703125e+00
5.816744327545166016e+00
4.739284515380859375e+00
5.933392524719238281e+00
4.501845836639404297e+00
5.540379524230957031e+00
4.200272560119628906e+00
4.587996006011962891e+00
4.269392490386962891e+00
5.294034957885742188e+00
4.530997753143310547e+00
4.990776062011718750e+00
6.554995536804199219e+00
5.667524814605712891e+00
4.638323307037353516e+00
3.953522682189941406e+00
4.597380638122558594e+00
5.443807601928710938e+00
5.129817485809326172e+00
5.939398765563964844e+00
5.156543254852294922e+00
4.827054977416992188e+00
5.198480606079101562e+00
3.888267517089843750e+00
6.075695991516113281e+00
5.625843524932861328e+00
5.297400951385498047e+00
5.198511123657226562e+00
5.769111633300781250e+00
5.330136299133300781e+00
4.630014419555664062e+00
4.964196205139160156e+00
5.543290615081787109e+00
5.271955013275146484e+00
5.669552803039550781e+00
6.232182979583740234e+00
4.573602676391601562e+00
5.838231563568115234e+00
4.756671428680419922e+00
4.835139751434326172e+00
4.398605346679687500e+00
5.178452968597412109e+00
6.032140731811523438e+00
5.350662708282470703e+00
4.991263389587402344e+00
5.155951499938964844e+00
5.427351474761962891e+00
5.627868175506591797e+00
5.167541503906250000e+00
6.020564556121826172e+00
4.498605728149414062e+00
5.636236190795898438e+00
4.672257423400878906e+00
4.681007385253906250e+00
5.988220214843750000e+00
4.629733085632324219e+00
4.657714843750000000e+00
5.264706611633300781e+00
4.430394172668457031e+00
5.285470962524414062e+00
5.322115421295166016e+00
5.248456001281738281e+00
4.741893291473388672e+00
4.674067020416259766e+00
5.245108127593994141e+00
4.968122959136962891e+00
4.806661128997802734e+00
4.781922340393066406e+00
5.403513431549072266e+00
5.086604118347167969e+00
4.464521408081054688e+00
6.500642776489257812e+00
5.224999427795410156e+00
5.479046821594238281e+00
5.726817607879638672e+00
4.538132190704345703e+00
5.364403724670410156e+00
4.087278366088867188e+00
5.103419303894042969e+00
4.781385421752929688e+00
6.707901954650878906e+00
5.287477970123291016e+00
5.093289852142333984e+00
6.581855773925781250e+00
4.985282421112060547e+00
4.873043060302734375e+00
4.876330375671386719e+00
4.397264003753662109e+00
5.719081401824951172e+00
4.848904609680175781e+00
5.984387874603271484e+00
5.649406909942626953e+00
4.928802490234375000e+00
5.240472793579101562e+00
3.957825660705566406e+00
5.703645706176757812e+00
4.700850009918212891e+00
4.865261077880859375e+00
4.577353000640869141e+00
4.435374259948730469e+00
5.492691993713378906e+00
4.229326248168945312e+00
4.965515613555908203e+00
5.315975666046142578e+00
7.223695755004882812e+00
5.088518142700195312e+00
4.988121032714843750e+00
4.564258098602294922e+00
5.617572784423828125e+00
5.083829402923583984e+00
4.561619758605957031e+00
7.348789691925048828e+00
5.858402729034423828e+00
6.262384414672851562e+00
5.208927154541015625e+00
5.184944152832031250e+00
5.688340663909912109e+00
5.660847663879394531e+00
7.041556835174560547e+00
6.086887359619140625e+00
5.428262710571289062e+00
5.689243316650390625e+00
4.992824077606201172e+00
6.868347644805908203e+00
4.972272872924804688e+00
5.317409515380859375e+00
4.610040187835693359e+00
4.808638572692871094e+00
5.578269004821777344e+00
6.062616348266601562e+00
6.446598052978515625e+00
5.325819015502929688e+00
5.225849151611328125e+00
5.319045066833496094e+00
5.195590019226074219e+00
4.579490184783935547e+00
5.882613182067871094e+00
6.174442768096923828e+00
5.709342002868652344e+00
5.739689350128173828e+00
4.800862789154052734e+00
7.350042343139648438e+00
8.207118034362792969e+00
4.874205112457275391e+00
4.798570632934570312e+00
4.704352378845214844e+00
4.989473342895507812e+00
6.256019592285156250e+00
7.840002059936523438e+00
4.471928119659423828e+00
5.405976772308349609e+00
6.151981830596923828e+00
5.002117633819580078e+00
5.204141139984130859e+00
7.203467369079589844e+00
5.573800086975097656e+00
1.250295543670654297e+01
4.886173248291015625e+00
8.151052474975585938e+00
6.953749656677246094e+00
5.304107189178466797e+00
5.298972129821777344e+00
5.270139217376708984e+00
4.788216114044189453e+00
5.268444538116455078e+00
5.037777900695800781e+00
5.326570510864257812e+00
5.376040458679199219e+00
5.349037170410156250e+00
5.190971851348876953e+00
4.237976551055908203e+00
5.731128215789794922e+00
5.640351295471191406e+00
5.963663578033447266e+00
6.346138954162597656e+00
6.032356262207031250e+00
6.396496295928955078e+00
5.865696430206298828e+00
6.186229705810546875e+00
7.568209648132324219e+00
4.308156967163085938e+00
5.464705467224121094e+00
4.549014568328857422e+00
6.875548839569091797e+00
4.409517765045166016e+00
5.929923057556152344e+00
5.725787639617919922e+00
5.000818729400634766e+00
4.982411384582519531e+00
6.222730636596679688e+00
7.399842739105224609e+00
6.135188102722167969e+00
5.090728759765625000e+00
5.110557079315185547e+00
4.755491256713867188e+00
4.730568885803222656e+00
4.605677604675292969e+00
5.958172798156738281e+00
5.518330097198486328e+00
4.750339031219482422e+00
5.627705097198486328e+00
6.456079483032226562e+00
4.816291332244873047e+00
5.969201087951660156e+00
5.262273311614990234e+00
4.922937870025634766e+00
6.077338218688964844e+00
5.828811645507812500e+00
5.910848617553710938e+00
5.849150657653808594e+00
7.002283096313476562e+00
5.397715568542480469e+00
4.332840442657470703e+00
4.410588264465332031e+00
5.869760990142822266e+00
5.633903503417968750e+00
6.233441352844238281e+00
5.068313598632812500e+00
5.142653942108154297e+00
5.582317352294921875e+00
5.123681068420410156e+00
6.924820899963378906e+00
5.197959899902343750e+00
4.818225860595703125e+00
5.664643287658691406e+00
5.168828964233398438e+00
5.330893516540527344e+00
5.093142509460449219e+00
4.702556133270263672e+00
4.537336349487304688e+00
6.012121200561523438e+00
5.575030326843261719e+00
5.442107200622558594e+00
5.253537654876708984e+00
5.037685871124267578e+00
5.626809120178222656e+00
6.141702651977539062e+00
5.151259422302246094e+00
6.621990680694580078e+00
5.259818077087402344e+00
6.902284622192382812e+00
6.489649295806884766e+00
6.166559696197509766e+00
5.036619186401367188e+00
6.143609523773193359e+00
5.740457534790039062e+00
5.911890983581542969e+00
5.502975940704345703e+00
5.031333446502685547e+00
6.785170078277587891e+00
6.840918064117431641e+00
5.806879043579101562e+00
4.759698390960693359e+00
5.270853519439697266e+00
4.321678638458251953e+00
4.866618633270263672e+00
6.003313541412353516e+00
4.835719108581542969e+00
5.012250900268554688e+00
4.982700824737548828e+00
5.097183704376220703e+00
5.028870105743408203e+00
5.095710277557373047e+00
5.773275852203369141e+00
5.281579494476318359e+00
5.308547019958496094e+00
5.600390434265136719e+00
5.599901676177978516e+00
4.568048000335693359e+00
6.203261375427246094e+00
9.922012329101562500e+00
4.998304367065429688e+00
5.231964588165283203e+00
6.199913978576660156e+00
5.725795745849609375e+00
6.978139877319335938e+00
5.318342208862304688e+00
6.638513088226318359e+00
4.810986995697021484e+00
6.663820266723632812e+00
6.739772796630859375e+00
4.606457233428955078e+00
4.809353351593017578e+00
5.159371376037597656e+00
4.845425605773925781e+00
5.135120868682861328e+00
4.454061985015869141e+00
5.692446708679199219e+00
5.390150070190429688e+00
5.212389469146728516e+00
5.313003540039062500e+00
5.154959678649902344e+00
5.681398391723632812e+00
5.532846450805664062e+00
4.905157566070556641e+00
6.073084354400634766e+00
5.454963684082031250e+00
5.541072845458984375e+00
4.951560020446777344e+00
5.139010429382324219e+00
4.356035232543945312e+00
5.563589572906494141e+00
6.524412155151367188e+00
5.559192657470703125e+00
5.703244686126708984e+00
4.473958015441894531e+00
5.219767093658447266e+00
4.708080291748046875e+00
4.395163536071777344e+00
5.257567882537841797e+00
4.963213443756103516e+00
7.375397205352783203e+00
5.054318428039550781e+00
5.200348854064941406e+00
6.343022823333740234e+00
5.203181743621826172e+00
4.534385204315185547e+00
6.113081455230712891e+00
5.995257377624511719e+00
5.479738235473632812e+00
5.748602867126464844e+00
4.683408260345458984e+00
5.688015937805175781e+00
5.599731445312500000e+00
5.161114215850830078e+00
6.012817382812500000e+00
4.770167827606201172e+00
5.582876682281494141e+00
4.500027656555175781e+00
5.368990898132324219e+00
6.881383419036865234e+00
4.799879074096679688e+00
4.496171474456787109e+00
4.568455696105957031e+00
4.696963310241699219e+00
4.944091796875000000e+00
5.690760612487792969e+00
6.119892597198486328e+00
5.804394245147705078e+00
5.990449905395507812e+00
5.283504009246826172e+00
4.240643024444580078e+00
4.521601676940917969e+00
6.550426483154296875e+00
4.843455791473388672e+00
7.420550346374511719e+00
5.464252471923828125e+00
6.275565147399902344e+00
5.099611282348632812e+00
5.670460700988769531e+00
5.731781005859375000e+00
5.072744846343994141e+00
6.489080429077148438e+00
4.958712577819824219e+00
4.920243263244628906e+00
5.591023445129394531e+00
5.715648651123046875e+00
4.664623260498046875e+00
5.372935771942138672e+00
4.865312576293945312e+00
5.947570800781250000e+00
6.093160152435302734e+00
4.045317173004150391e+00
5.896660804748535156e+00
5.125869750976562500e+00
4.239341259002685547e+00
4.154820919036865234e+00
5.903046607971191406e+00
6.485294342041015625e+00
4.607290267944335938e+00
5.357020854949951172e+00
6.136568546295166016e+00
4.630477905273437500e+00
4.762215614318847656e+00
4.810829639434814453e+00
4.786041736602783203e+00
5.217411518096923828e+00
4.713631153106689453e+00
6.242186069488525391e+00
5.952634811401367188e+00
4.971147537231445312e+00
5.292609214782714844e+00
5.057686805725097656e+00
5.579801082611083984e+00
4.256515026092529297e+00
5.552586078643798828e+00
5.302185058593750000e+00
4.905492782592773438e+00
5.083000183105468750e+00
5.233503818511962891e+00
4.996350288391113281e+00
4.732931613922119141e+00
6.119736671447753906e+00
5.586799144744873047e+00
4.757623195648193359e+00
4.002724647521972656e+00
5.329761505126953125e+00
5.510076045989990234e+00
4.864907741546630859e+00
5.901072025299072266e+00
6.233371257781982422e+00
4.591752052307128906e+00
5.688544273376464844e+00
5.479020118713378906e+00
5.625961303710937500e+00
5.678378105163574219e+00
5.545686721801757812e+00
5.209914207458496094e+00
4.554254055023193359e+00
5.208246707916259766e+00
5.072016716003417969e+00
5.215809345245361328e+00
7.593113899230957031e+00
6.977190017700195312e+00
5.045820236206054688e+00
5.113503456115722656e+00
4.944396495819091797e+00
6.121948242187500000e+00
6.360079288482666016e+00
5.177057743072509766e+00
6.385674953460693359e+00
6.153944015502929688e+00
6.127180576324462891e+00
6.647393226623535156e+00
5.333586215972900391e+00
4.677224159240722656e+00
7.205980300903320312e+00
4.333116531372070312e+00
5.857142925262451172e+00
5.096548557281494141e+00
5.875138759613037109e+00
4.570432662963867188e+00
6.423298835754394531e+00
4.655370712280273438e+00
6.438942432403564453e+00
4.967499256134033203e+00
5.277506828308105469e+00
5.551943778991699219e+00
5.168382644653320312e+00
5.670423030853271484e+00
5.175964832305908203e+00
4.618672370910644531e+00
5.773630142211914062e+00
5.648252487182617188e+00
4.996660709381103516e+00
5.031013965606689453e+00
4.060101985931396484e+00
4.879711151123046875e+00
4.806754589080810547e+00
5.448523998260498047e+00
4.921545028686523438e+00
6.481761455535888672e+00
5.927447319030761719e+00
5.303837299346923828e+00
5.715704917907714844e+00
5.874295234680175781e+00
5.603472709655761719e+00
5.269435882568359375e+00
6.591994285583496094e+00
4.752104759216308594e+00
5.425738334655761719e+00
4.744620323181152344e+00
4.876577854156494141e+00
5.502679347991943359e+00
6.038607597351074219e+00
6.120062351226806641e+00
4.337812900543212891e+00
5.930642127990722656e+00
5.888308525085449219e+00
4.930730342864990234e+00
4.608332157135009766e+00
5.382018089294433594e+00
5.716129302978515625e+00
5.542274475097656250e+00
5.832103252410888672e+00
4.938024520874023438e+00
4.287789344787597656e+00
6.075518608093261719e+00
4.683105468750000000e+00
5.406419277191162109e+00
4.442285537719726562e+00
5.850680351257324219e+00
5.813438415527343750e+00
4.246332168579101562e+00
4.979055881500244141e+00
4.993115901947021484e+00
5.382208824157714844e+00
4.852906227111816406e+00
4.606182575225830078e+00
5.281546592712402344e+00
5.055554389953613281e+00
5.762734889984130859e+00
5.437099933624267578e+00
4.911048889160156250e+00
5.102368831634521484e+00
5.482634544372558594e+00
5.383095264434814453e+00
6.198481082916259766e+00
4.808889389038085938e+00
5.207444190979003906e+00
4.894235134124755859e+00
4.420986175537109375e+00
5.141640186309814453e+00
4.599308967590332031e+00
4.710599422454833984e+00
5.082538604736328125e+00
5.146265029907226562e+00
5.059457778930664062e+00
4.880719184875488281e+00
5.934765815734863281e+00
6.333747863769531250e+00
3.946883440017700195e+00
4.489257812500000000e+00
4.184645652770996094e+00
5.983081817626953125e+00
4.753628253936767578e+00
4.447978496551513672e+00
4.479772090911865234e+00
5.476751804351806641e+00
4.358075618743896484e+00
5.183090209960937500e+00
5.090839862823486328e+00
5.272932529449462891e+00
4.771059036254882812e+00
5.451179504394531250e+00
4.719195365905761719e+00
5.802042484283447266e+00
4.399847030639648438e+00
5.411414623260498047e+00
5.420626163482666016e+00
4.542387008666992188e+00
4.831257820129394531e+00
5.126192092895507812e+00
5.310382843017578125e+00
5.035831451416015625e+00
4.351410388946533203e+00
5.289437770843505859e+00
5.475099086761474609e+00
4.502229213714599609e+00
4.637611865997314453e+00
5.576817989349365234e+00
5.202665328979492188e+00
5.277729988098144531e+00
6.852938652038574219e+00
5.930225372314453125e+00
5.339082241058349609e+00
7.294583797454833984e+00
7.097680091857910156e+00
4.435416698455810547e+00
6.007192134857177734e+00
5.205893516540527344e+00
5.410947322845458984e+00
4.782331943511962891e+00
5.467962265014648438e+00
5.023793220520019531e+00
5.150384902954101562e+00
5.650423526763916016e+00
5.141653060913085938e+00
6.101069927215576172e+00
7.068050861358642578e+00
7.407799720764160156e+00
5.691495895385742188e+00
4.933212280273437500e+00
5.602971076965332031e+00
4.418249130249023438e+00
5.458900928497314453e+00
5.692561626434326172e+00
5.773218154907226562e+00
4.443066596984863281e+00
5.146710395812988281e+00
5.466968536376953125e+00
7.155806541442871094e+00
4.760585308074951172e+00
5.189113140106201172e+00
4.644601345062255859e+00
6.487810134887695312e+00
5.451437473297119141e+00
4.559817314147949219e+00
4.786097049713134766e+00
5.191375732421875000e+00
5.476695060729980469e+00
5.762720108032226562e+00
5.684167861938476562e+00
5.751015186309814453e+00
4.856018543243408203e+00
4.439805984497070312e+00
4.939540386199951172e+00
5.306166172027587891e+00
5.086450576782226562e+00
4.574873924255371094e+00
5.216120243072509766e+00
5.285414218902587891e+00
6.432052612304687500e+00
5.195042610168457031e+00
5.560041904449462891e+00
4.943250179290771484e+00
5.026899337768554688e+00
5.439001560211181641e+00
5.042447090148925781e+00
5.342223167419433594e+00
5.678655624389648438e+00
5.188121318817138672e+00
4.787852764129638672e+00
5.477129459381103516e+00
5.128837585449218750e+00
4.725623130798339844e+00
5.505971431732177734e+00
5.693270683288574219e+00
4.879301071166992188e+00
4.878412246704101562e+00
6.320713043212890625e+00
5.712893962860107422e+00
4.614234447479248047e+00
4.451065063476562500e+00
5.159945011138916016e+00
6.583459377288818359e+00
5.236749172210693359e+00
5.084242820739746094e+00
7.177846908569335938e+00
5.247098922729492188e+00
4.711160659790039062e+00
5.978463172912597656e+00
5.687080860137939453e+00
4.401576519012451172e+00
5.034852027893066406e+00
5.895904541015625000e+00
6.419289112091064453e+00
4.722594261169433594e+00
6.319616317749023438e+00
4.760910987854003906e+00
4.650177478790283203e+00
6.114155292510986328e+00
5.430500984191894531e+00
5.040780544281005859e+00
5.487859725952148438e+00
4.796439170837402344e+00
5.210970401763916016e+00
5.556481838226318359e+00
4.552958965301513672e+00
4.818047046661376953e+00
4.781446456909179688e+00
5.059432029724121094e+00
4.349106788635253906e+00
5.074029445648193359e+00
5.023790836334228516e+00
5.414537906646728516e+00
6.047574520111083984e+00
5.198689460754394531e+00
5.415574550628662109e+00
6.010354042053222656e+00
5.780283927917480469e+00
5.080619812011718750e+00
6.262812137603759766e+00
6.182910442352294922e+00
5.615453720092773438e+00
6.588422775268554688e+00
5.216898441314697266e+00
5.447236537933349609e+00
6.873966217041015625e+00
4.741619110107421875e+00
6.184804916381835938e+00
6.191610336303710938e+00
5.456517219543457031e+00
5.174592018127441406e+00
5.173031330108642578e+00
5.829819679260253906e+00
5.487715721130371094e+00
6.025971412658691406e+00
6.982588768005371094e+00
4.506430625915527344e+00
4.549150466918945312e+00
5.294379711151123047e+00
5.363182544708251953e+00
5.760473251342773438e+00
5.347291469573974609e+00
5.837907791137695312e+00
5.507442951202392578e+00
5.487030029296875000e+00
4.407115936279296875e+00
5.477353096008300781e+00
6.059001922607421875e+00
5.281449317932128906e+00
5.724785327911376953e+00
6.528386116027832031e+00
5.236104011535644531e+00
4.776141166687011719e+00
4.619588375091552734e+00
4.524679660797119141e+00
5.084947109222412109e+00
6.376891613006591797e+00
4.937935829162597656e+00
4.649497032165527344e+00
6.777329921722412109e+00
5.590779781341552734e+00
4.896822452545166016e+00
4.287479400634765625e+00
4.972098350524902344e+00
4.620943069458007812e+00
5.279095649719238281e+00
5.066873550415039062e+00
5.227336883544921875e+00
5.445432186126708984e+00
5.064757347106933594e+00
4.806549549102783203e+00
5.200138092041015625e+00
5.094241619110107422e+00
4.985283851623535156e+00
4.594593524932861328e+00
5.804538726806640625e+00
4.232069969177246094e+00
4.220220565795898438e+00
4.904663085937500000e+00
5.090026378631591797e+00
4.163591384887695312e+00
5.967847824096679688e+00
4.203828811645507812e+00
4.762526512145996094e+00
6.135518074035644531e+00
5.236978054046630859e+00
5.610401153564453125e+00
4.440489768981933594e+00
5.151618003845214844e+00
6.286311149597167969e+00
4.846768379211425781e+00
4.918696403503417969e+00
5.226036548614501953e+00
5.360466003417968750e+00
5.682175636291503906e+00
5.813911914825439453e+00
5.443932533264160156e+00
5.602643489837646484e+00
5.248799800872802734e+00
4.793992042541503906e+00
5.553037166595458984e+00
5.794504165649414062e+00
6.018860340118408203e+00
4.448751449584960938e+00
4.236051082611083984e+00
5.347073078155517578e+00
4.483498096466064453e+00
4.949587345123291016e+00
4.998869419097900391e+00
5.397785186767578125e+00
4.227265357971191406e+00
5.712840080261230469e+00
5.381377696990966797e+00
4.580413341522216797e+00
5.654018878936767578e+00
4.400607109069824219e+00
6.468268394470214844e+00
6.179279327392578125e+00
4.109037876129150391e+00
5.311346054077148438e+00
4.506075382232666016e+00
5.003788471221923828e+00
4.881221771240234375e+00
5.106637477874755859e+00
6.643280029296875000e+00
4.193655967712402344e+00
5.165886402130126953e+00
5.402729511260986328e+00
4.912836551666259766e+00
4.608094215393066406e+00
5.200926780700683594e+00
3.920713424682617188e+00
4.910639762878417969e+00
5.423589229583740234e+00
6.131480216979980469e+00
5.051500797271728516e+00
6.886001110076904297e+00
4.829468727111816406e+00
4.334480762481689453e+00
6.240458488464355469e+00
4.982171058654785156e+00
4.702808380126953125e+00
6.979587554931640625e+00
6.311383247375488281e+00
4.031332492828369141e+00
5.532592296600341797e+00
5.770528316497802734e+00
5.111277580261230469e+00
5.851855278015136719e+00
4.940851688385009766e+00
4.696372032165527344e+00
5.230280399322509766e+00
4.802165508270263672e+00
5.832946777343750000e+00
5.056805610656738281e+00
3.765644550323486328e+00
5.493860244750976562e+00
6.358974933624267578e+00
5.391547203063964844e+00
5.191297531127929688e+00
5.606595516204833984e+00
6.121093750000000000e+00
4.905573844909667969e+00
4.472782135009765625e+00
4.563427925109863281e+00
4.982363700866699219e+00
5.054779052734375000e+00
4.644904136657714844e+00
4.754495143890380859e+00
5.263211250305175781e+00
5.143429756164550781e+00
5.672168731689453125e+00
5.527862548828125000e+00
5.009526729583740234e+00
5.282031536102294922e+00
7.859895706176757812e+00
6.413923263549804688e+00
5.213027000427246094e+00
5.341539382934570312e+00
5.097940921783447266e+00
4.739994525909423828e+00
6.402090072631835938e+00
5.233858108520507812e+00
5.104819774627685547e+00
4.845212936401367188e+00
5.477510929107666016e+00
4.987488746643066406e+00
5.760560035705566406e+00
5.388608932495117188e+00
4.672842979431152344e+00
6.108559608459472656e+00
4.616948604583740234e+00
5.238433837890625000e+00
5.747868061065673828e+00
5.068835258483886719e+00
4.823071002960205078e+00
5.858417034149169922e+00
5.814726829528808594e+00
5.005537986755371094e+00
5.074675559997558594e+00
4.667328357696533203e+00
4.559857845306396484e+00
5.580294609069824219e+00
4.874047279357910156e+00
5.282705307006835938e+00
5.777823925018310547e+00
6.913772583007812500e+00
4.790924549102783203e+00
5.644319534301757812e+00
4.847800254821777344e+00
4.037372589111328125e+00
6.180908679962158203e+00
6.172239303588867188e+00
5.119704246520996094e+00
4.974082469940185547e+00
5.005478858947753906e+00
4.835638523101806641e+00
4.744430541992187500e+00
6.269997596740722656e+00
5.948012351989746094e+00
6.297009944915771484e+00
4.934438228607177734e+00
4.840952873229980469e+00
4.919301033020019531e+00
5.206388950347900391e+00
5.347944736480712891e+00
5.215683460235595703e+00
4.954433441162109375e+00
5.971343994140625000e+00
5.059446334838867188e+00
5.338038921356201172e+00
4.561272621154785156e+00
5.209551811218261719e+00
4.728530883789062500e+00
5.301192283630371094e+00
4.304039955139160156e+00
4.473356246948242188e+00
5.840077400207519531e+00
5.410870552062988281e+00
5.641658306121826172e+00
6.520767211914062500e+00
5.847845077514648438e+00
5.194010734558105469e+00
6.367333889007568359e+00
4.900965213775634766e+00
5.075980663299560547e+00
4.944749355316162109e+00
6.512174606323242188e+00
4.426018714904785156e+00
5.325748443603515625e+00
5.235638618469238281e+00
4.898506164550781250e+00
4.315414428710937500e+00
4.392993450164794922e+00
4.890849113464355469e+00
6.270525932312011719e+00
5.151958942413330078e+00
5.000295639038085938e+00
6.005846977233886719e+00
5.587859630584716797e+00
5.535136222839355469e+00
5.371058464050292969e+00
5.390911102294921875e+00
5.231315135955810547e+00
5.851379871368408203e+00
5.207794189453125000e+00
4.813641071319580078e+00
5.903083324432373047e+00
5.604027271270751953e+00
5.870259761810302734e+00
5.366323947906494141e+00
5.624071598052978516e+00
5.688781738281250000e+00
4.944125652313232422e+00
4.661720752716064453e+00
3.916084766387939453e+00
5.106874465942382812e+00
5.362832069396972656e+00
4.946202278137207031e+00
5.127103805541992188e+00
5.212695121765136719e+00
4.620500564575195312e+00
6.144394874572753906e+00
6.331270694732666016e+00
4.922850131988525391e+00
5.943169116973876953e+00
5.410365581512451172e+00
4.640985965728759766e+00
5.298538684844970703e+00
5.136222362518310547e+00
5.501086235046386719e+00
5.798857688903808594e+00
5.909299373626708984e+00
5.520664691925048828e+00
5.000591754913330078e+00
6.104524612426757812e+00
5.743421554565429688e+00
5.953257560729980469e+00
4.445551395416259766e+00
5.202550411224365234e+00
4.605688095092773438e+00
5.437069416046142578e+00
5.759264945983886719e+00
4.098538398742675781e+00
4.732323646545410156e+00
5.635769844055175781e+00
7.329996109008789062e+00
5.136389732360839844e+00
4.057988643646240234e+00
5.778186798095703125e+00
5.745473861694335938e+00
6.422291755676269531e+00
4.527244091033935547e+00
4.982723236083984375e+00
4.907876014709472656e+00
5.719224929809570312e+00
5.020574569702148438e+00
4.219641685485839844e+00
5.221979618072509766e+00
4.914347648620605469e+00
5.056308746337890625e+00
5.706222057342529297e+00
7.325216770172119141e+00
6.080423831939697266e+00
6.041870117187500000e+00
5.914040565490722656e+00
5.154737472534179688e+00
6.001946449279785156e+00
5.112065792083740234e+00
5.773762702941894531e+00
5.161574363708496094e+00
5.097060203552246094e+00
5.067003250122070312e+00
5.408203125000000000e+00
5.538709640502929688e+00
5.293280601501464844e+00
5.208341121673583984e+00
5.748289585113525391e+00
5.771091938018798828e+00
4.791880607604980469e+00
4.449103355407714844e+00
5.313242912292480469e+00
4.731791496276855469e+00
4.783381938934326172e+00
6.085663795471191406e+00
6.326458454132080078e+00
4.360239028930664062e+00
4.969378471374511719e+00
4.462471008300781250e+00
4.448622226715087891e+00
6.493706703186035156e+00
5.372417926788330078e+00
6.602698326110839844e+00
5.447322845458984375e+00
4.341124057769775391e+00
5.057892322540283203e+00
5.297087192535400391e+00
5.565470695495605469e+00
5.401792526245117188e+00
4.803736209869384766e+00
5.676758766174316406e+00
4.806501388549804688e+00
5.294619560241699219e+00
5.638726234436035156e+00
5.814904689788818359e+00
5.254754543304443359e+00
6.235695362091064453e+00
5.210118293762207031e+00
3.845658302307128906e+00
5.367154121398925781e+00
6.276268005371093750e+00
5.625982284545898438e+00
4.537565231323242188e+00
6.274748802185058594e+00
5.610207557678222656e+00
5.453974723815917969e+00
4.788703918457031250e+00
5.512990951538085938e+00
4.877003192901611328e+00
5.453849315643310547e+00
4.935623168945312500e+00
5.419295310974121094e+00
5.875596046447753906e+00
5.123745441436767578e+00
4.778495788574218750e+00
5.228697776794433594e+00
6.251591205596923828e+00
5.557522773742675781e+00
6.026923656463623047e+00
5.477729320526123047e+00
5.124969482421875000e+00
6.846046447753906250e+00
5.391621589660644531e+00
4.601404666900634766e+00
4.784320354461669922e+00
4.602357387542724609e+00
4.735962867736816406e+00
5.135210037231445312e+00
6.114123821258544922e+00
5.060282707214355469e+00
5.053725719451904297e+00
4.738098621368408203e+00
6.113786220550537109e+00
4.653329372406005859e+00
5.060431480407714844e+00
5.176929950714111328e+00
4.191210746765136719e+00
5.533344268798828125e+00
5.003818511962890625e+00
5.643359184265136719e+00
5.758298873901367188e+00
5.223487854003906250e+00
5.944476127624511719e+00
4.819159030914306641e+00
4.710929870605468750e+00
5.039125919342041016e+00
4.781090736389160156e+00
5.435480117797851562e+00
4.573844432830810547e+00
5.159064769744873047e+00
5.743186950683593750e+00
5.669789314270019531e+00
5.902696609497070312e+00
4.923336982727050781e+00
5.426808357238769531e+00
4.351012229919433594e+00
6.049051284790039062e+00
4.878860950469970703e+00
4.774282455444335938e+00
5.924745559692382812e+00
5.680078506469726562e+00
5.634443759918212891e+00
6.265497207641601562e+00
5.936738491058349609e+00
6.631843090057373047e+00
5.735589981079101562e+00
5.185962677001953125e+00
5.266742706298828125e+00
5.083952426910400391e+00
4.650418758392333984e+00
5.101113796234130859e+00
5.193226814270019531e+00
4.885152339935302734e+00
5.750554084777832031e+00
5.778221130371093750e+00
5.131612777709960938e+00
5.844930648803710938e+00
4.769453048706054688e+00
5.498706817626953125e+00
5.583725452423095703e+00
5.663032054901123047e+00
5.117868900299072266e+00
5.030189037322998047e+00
6.603443145751953125e+00
5.821591854095458984e+00
4.784611225128173828e+00
4.244302272796630859e+00
6.285169601440429688e+00
4.493165969848632812e+00
4.283365249633789062e+00
5.443397998809814453e+00
5.074487686157226562e+00
4.393182277679443359e+00
4.355507373809814453e+00
5.710867404937744141e+00
5.589200496673583984e+00
5.498086452484130859e+00
5.267593860626220703e+00
5.418426036834716797e+00
4.615783691406250000e+00
5.272185802459716797e+00
4.045303821563720703e+00
6.012092590332031250e+00
4.379887104034423828e+00
5.688184738159179688e+00
5.480500221252441406e+00
4.394398212432861328e+00
5.371613502502441406e+00
5.641192436218261719e+00
5.379163265228271484e+00
4.973723888397216797e+00
5.388771057128906250e+00
4.571475505828857422e+00
4.606043815612792969e+00
5.189590930938720703e+00
5.311444282531738281e+00
4.308276176452636719e+00
5.425150871276855469e+00
4.879914283752441406e+00
6.112658023834228516e+00
4.982877254486083984e+00
4.659857273101806641e+00
4.683651447296142578e+00
4.147451400756835938e+00
5.306262493133544922e+00
6.094924926757812500e+00
4.560979366302490234e+00
5.277616500854492188e+00
5.563416004180908203e+00
5.069364070892333984e+00
5.186757087707519531e+00
4.838476181030273438e+00
4.938490867614746094e+00
5.827255249023437500e+00
6.746525764465332031e+00
5.958354473114013672e+00
5.598996639251708984e+00
5.290439605712890625e+00
4.816541194915771484e+00
5.181218147277832031e+00
4.713303089141845703e+00
5.176023483276367188e+00
4.854331016540527344e+00
6.896480560302734375e+00
4.887068271636962891e+00
5.628494262695312500e+00
5.364721298217773438e+00
4.957402229309082031e+00
3.988080739974975586e+00
5.302594661712646484e+00
5.572342872619628906e+00
5.040016174316406250e+00
4.970563888549804688e+00
5.484535694122314453e+00
5.092710018157958984e+00
4.872282981872558594e+00
5.755321502685546875e+00
5.219653129577636719e+00
5.407145977020263672e+00
5.004814147949218750e+00
6.215703010559082031e+00
5.458542823791503906e+00
5.413521766662597656e+00
6.078821182250976562e+00
5.380249500274658203e+00
5.404574871063232422e+00
5.116516590118408203e+00
4.859598636627197266e+00
5.881473541259765625e+00
4.891725063323974609e+00
6.071389198303222656e+00
4.414804458618164062e+00
6.407133102416992188e+00
5.065193176269531250e+00
7.097476482391357422e+00
6.076528549194335938e+00
5.295264244079589844e+00
4.553459644317626953e+00
5.284744262695312500e+00
5.710055828094482422e+00
5.419730186462402344e+00
5.280003547668457031e+00
4.940812587738037109e+00
5.694094657897949219e+00
6.458172321319580078e+00
6.706268310546875000e+00
5.147262573242187500e+00
5.195339202880859375e+00
5.730876922607421875e+00
4.431566715240478516e+00
6.665724277496337891e+00
6.029722690582275391e+00
4.706822395324707031e+00
5.816540718078613281e+00
4.613445281982421875e+00
4.846707344055175781e+00
6.078403472900390625e+00
5.237139701843261719e+00
4.950116634368896484e+00
4.966773033142089844e+00
5.502754688262939453e+00
5.863285064697265625e+00
3.921548128128051758e+00
5.202647686004638672e+00
4.010644435882568359e+00
5.613451957702636719e+00
4.982171058654785156e+00
5.045184612274169922e+00
7.797799110412597656e+00
6.890909194946289062e+00
6.292470455169677734e+00
4.599182128906250000e+00
6.844847202301025391e+00
5.789145946502685547e+00
5.583612442016601562e+00
5.718352317810058594e+00
5.598145961761474609e+00
5.836284160614013672e+00
6.056010246276855469e+00
5.661202430725097656e+00
5.395312309265136719e+00
5.680547237396240234e+00
6.167085170745849609e+00
6.111819744110107422e+00
5.621746063232421875e+00
6.762612819671630859e+00
4.851880550384521484e+00
4.901975154876708984e+00
5.379832267761230469e+00
4.563742160797119141e+00
6.196866989135742188e+00
4.389881610870361328e+00
6.448057174682617188e+00
5.692129135131835938e+00
5.515292644500732422e+00
6.525481224060058594e+00
5.077212333679199219e+00
5.147598266601562500e+00
4.988774299621582031e+00
5.612123489379882812e+00
5.374993324279785156e+00
4.829335212707519531e+00
4.496601104736328125e+00
5.733055114746093750e+00
5.411912918090820312e+00
4.810251712799072266e+00
4.728032112121582031e+00
5.100390911102294922e+00
4.613439559936523438e+00
4.116221427917480469e+00
5.865828514099121094e+00
5.434185981750488281e+00
5.901007652282714844e+00
4.714065074920654297e+00
6.141202449798583984e+00
5.553618431091308594e+00
4.973818778991699219e+00
5.146032333374023438e+00
6.565978527069091797e+00
5.808525562286376953e+00
4.654578208923339844e+00
5.208171367645263672e+00
5.770064353942871094e+00
4.905748844146728516e+00
5.042058944702148438e+00
4.832456588745117188e+00
5.225466251373291016e+00
6.097914695739746094e+00
5.595667839050292969e+00
4.954377174377441406e+00
4.431557655334472656e+00
5.733292102813720703e+00
5.392177581787109375e+00
5.072960376739501953e+00
4.669425964355468750e+00
4.888203144073486328e+00
4.797877788543701172e+00
4.454855442047119141e+00
5.247642517089843750e+00
6.377544403076171875e+00
5.797391891479492188e+00
4.323598384857177734e+00
5.131091117858886719e+00
4.958862304687500000e+00
5.010698795318603516e+00
4.567102432250976562e+00
5.319493293762207031e+00
5.416245937347412109e+00
5.997766494750976562e+00
5.964792728424072266e+00
5.531492233276367188e+00
5.385296821594238281e+00
5.344737529754638672e+00
4.828792572021484375e+00
4.852585315704345703e+00
6.087918281555175781e+00
5.895884513854980469e+00
5.054762840270996094e+00
4.728675842285156250e+00
6.388218402862548828e+00
5.427355766296386719e+00
4.537977695465087891e+00
6.067257881164550781e+00
5.655291557312011719e+00
4.686160087585449219e+00
5.328652381896972656e+00
5.414110660552978516e+00
5.465099811553955078e+00
5.793034553527832031e+00
5.880890846252441406e+00
4.535338401794433594e+00
4.965871334075927734e+00
4.786393165588378906e+00
4.613013744354248047e+00
5.397298336029052734e+00
5.500079154968261719e+00
5.662387847900390625e+00
5.804084777832031250e+00
4.367262363433837891e+00
5.136345386505126953e+00
5.017611503601074219e+00
4.270156860351562500e+00
4.488353729248046875e+00
5.317782402038574219e+00
5.100712299346923828e+00
5.369935989379882812e+00
4.992381095886230469e+00
5.173809528350830078e+00
5.422226905822753906e+00
5.775363445281982422e+00
4.634908199310302734e+00
5.298093318939208984e+00
4.857642173767089844e+00
7.321050643920898438e+00
5.374257087707519531e+00
5.782941341400146484e+00
4.505574703216552734e+00
4.672214984893798828e+00
5.116006851196289062e+00
5.031147003173828125e+00
5.755504608154296875e+00
5.066397190093994141e+00
6.057975769042968750e+00
5.145392894744873047e+00
6.677423954010009766e+00
5.413315773010253906e+00
5.130233287811279297e+00
4.618884086608886719e+00
5.647777080535888672e+00
4.398612022399902344e+00
4.604115962982177734e+00
5.837986469268798828e+00
5.644024848937988281e+00
5.449331283569335938e+00
5.761339664459228516e+00
4.951147556304931641e+00
5.390819549560546875e+00
5.696054458618164062e+00
5.851360321044921875e+00
4.889880180358886719e+00
4.647090435028076172e+00
4.098025798797607422e+00
5.273484706878662109e+00
5.371498584747314453e+00
6.360585212707519531e+00
6.302600860595703125e+00
5.733485221862792969e+00
4.701101779937744141e+00
4.675052642822265625e+00
4.188938617706298828e+00
5.104614734649658203e+00
4.969738006591796875e+00
5.279353141784667969e+00
4.815341949462890625e+00
5.009042739868164062e+00
4.410356998443603516e+00
4.747842788696289062e+00
5.583759307861328125e+00
6.208213329315185547e+00
4.204737186431884766e+00
5.502752780914306641e+00
5.970462799072265625e+00
5.704329013824462891e+00
6.135080337524414062e+00
5.868226528167724609e+00
6.567981719970703125e+00
5.958734512329101562e+00
5.188106060028076172e+00
5.304702758789062500e+00
4.930857658386230469e+00
5.285665512084960938e+00
4.654525756835937500e+00
6.076119899749755859e+00
5.794130802154541016e+00
5.493223190307617188e+00
4.548437118530273438e+00
6.462968826293945312e+00
5.262894153594970703e+00
5.366453170776367188e+00
4.638455390930175781e+00
5.267725467681884766e+00
6.043341636657714844e+00
5.041319847106933594e+00
5.498304367065429688e+00
4.887316703796386719e+00
5.005576133728027344e+00
5.239535808563232422e+00
4.726138114929199219e+00
4.397105216979980469e+00
6.636744499206542969e+00
4.658117294311523438e+00
4.660577297210693359e+00
5.215126991271972656e+00
5.529415130615234375e+00
5.643542766571044922e+00
4.177254676818847656e+00
4.706324100494384766e+00
5.419235229492187500e+00
4.390830993652343750e+00
5.249954223632812500e+00
6.324328422546386719e+00
4.251527309417724609e+00
4.930397033691406250e+00
4.256327152252197266e+00
5.599533081054687500e+00
4.256184577941894531e+00
4.609352588653564453e+00
6.830427169799804688e+00
5.551992416381835938e+00
5.256623268127441406e+00
4.124715805053710938e+00
4.701657295227050781e+00
5.174057006835937500e+00
5.757907390594482422e+00
5.462619304656982422e+00
4.638970851898193359e+00
4.800245285034179688e+00
5.431139945983886719e+00
4.967746257781982422e+00
5.110550403594970703e+00
5.873542308807373047e+00
4.873505115509033203e+00
5.004666805267333984e+00
5.672421455383300781e+00
5.398223400115966797e+00
4.944232940673828125e+00
4.880852699279785156e+00
5.115588188171386719e+00
5.560399055480957031e+00
4.833251476287841797e+00
4.753071784973144531e+00
5.391843795776367188e+00
6.513141155242919922e+00
5.250251293182373047e+00
5.424781322479248047e+00
5.904763221740722656e+00
5.721727371215820312e+00
6.091929912567138672e+00
4.465247154235839844e+00
4.276993274688720703e+00
4.823469638824462891e+00
5.282911300659179688e+00
4.690916061401367188e+00
4.685959339141845703e+00
6.965703010559082031e+00
5.696939468383789062e+00
4.674620628356933594e+00
6.503046035766601562e+00
4.513042449951171875e+00
4.769460201263427734e+00
5.152905941009521484e+00
5.581621646881103516e+00
5.185837268829345703e+00
5.726864814758300781e+00
5.730276107788085938e+00
5.381350994110107422e+00
4.661144256591796875e+00
5.304030418395996094e+00
5.426404476165771484e+00
5.138623237609863281e+00
4.646293640136718750e+00
4.256147384643554688e+00
5.249077796936035156e+00
6.201936244964599609e+00
4.776580810546875000e+00
6.880670547485351562e+00
5.227497100830078125e+00
5.524434566497802734e+00
5.391569614410400391e+00
5.666892051696777344e+00
4.491321086883544922e+00
5.051351547241210938e+00
5.196354389190673828e+00
4.823776721954345703e+00
5.330384731292724609e+00
4.561057090759277344e+00
5.391934394836425781e+00
5.604902267456054688e+00
4.934018135070800781e+00
4.543861389160156250e+00
6.454829692840576172e+00
3.902086019515991211e+00
5.944817066192626953e+00
4.932582855224609375e+00
4.460333347320556641e+00
5.457082271575927734e+00
4.676341056823730469e+00
5.321713447570800781e+00
5.547193527221679688e+00
5.005117893218994141e+00
6.038752555847167969e+00
5.312133789062500000e+00
5.694112777709960938e+00
5.442661762237548828e+00
4.723686695098876953e+00
5.300543785095214844e+00
5.617662429809570312e+00
4.808012962341308594e+00
5.747896194458007812e+00
5.247936725616455078e+00
6.242342948913574219e+00
6.287062644958496094e+00
4.928183078765869141e+00
4.940684795379638672e+00
6.662677764892578125e+00
6.575274467468261719e+00
6.069849014282226562e+00
5.195514202117919922e+00
5.396774768829345703e+00
5.077252864837646484e+00
6.702164173126220703e+00
4.980452060699462891e+00
5.570669651031494141e+00
5.069815158843994141e+00
4.746013641357421875e+00
5.153651237487792969e+00
4.969991683959960938e+00
5.483675956726074219e+00
5.215826988220214844e+00
5.426569461822509766e+00
6.063356399536132812e+00
5.033078670501708984e+00
5.104677677154541016e+00
5.189192771911621094e+00
4.544773101806640625e+00
4.495656013488769531e+00
6.226907730102539062e+00
4.814956665039062500e+00
4.435808181762695312e+00
4.565275192260742188e+00
4.918012142181396484e+00
4.647536277770996094e+00
4.719030380249023438e+00
5.441069602966308594e+00
4.719735145568847656e+00
4.987123966217041016e+00
4.065474987030029297e+00
5.543079376220703125e+00
6.171007156372070312e+00
4.290147304534912109e+00
5.431766033172607422e+00
4.455419540405273438e+00
6.327262401580810547e+00
4.572231769561767578e+00
5.518752098083496094e+00
5.536780357360839844e+00
5.090078830718994141e+00
5.663913249969482422e+00
5.179964065551757812e+00
5.064368247985839844e+00
6.675946712493896484e+00
4.854239940643310547e+00
6.568544864654541016e+00
4.972508430480957031e+00
6.228026866912841797e+00
5.752670288085937500e+00
5.753732204437255859e+00
3.826451063156127930e+00
5.337741374969482422e+00
4.771746158599853516e+00
4.699432849884033203e+00
4.663048267364501953e+00
4.700317859649658203e+00
5.798014640808105469e+00
5.028901576995849609e+00
5.308700561523437500e+00
4.768478870391845703e+00
4.665839195251464844e+00
4.187287807464599609e+00
6.318992614746093750e+00
4.429450035095214844e+00
5.321030616760253906e+00
4.919335365295410156e+00
4.783504486083984375e+00
7.039273262023925781e+00
5.072476387023925781e+00
6.216266632080078125e+00
6.025106906890869141e+00
4.712137699127197266e+00
5.831336021423339844e+00
4.945793628692626953e+00
4.769566535949707031e+00
4.899687767028808594e+00
5.128648757934570312e+00
5.747680664062500000e+00
5.004858016967773438e+00
4.663068294525146484e+00
5.011765480041503906e+00
5.046419143676757812e+00
6.628035068511962891e+00
5.788091182708740234e+00
5.406658172607421875e+00
5.751980781555175781e+00
4.764862060546875000e+00
7.000679016113281250e+00
4.232815265655517578e+00
5.017684936523437500e+00
5.417028427124023438e+00
5.699075222015380859e+00
4.341405868530273438e+00
4.910032272338867188e+00
4.744049072265625000e+00
5.726892471313476562e+00
5.518805027008056641e+00
4.709008216857910156e+00
5.299802780151367188e+00
4.859844207763671875e+00
5.378081798553466797e+00
5.605140686035156250e+00
5.074357032775878906e+00
5.182979106903076172e+00
6.705346107482910156e+00
4.288432598114013672e+00
5.446614742279052734e+00
4.200829505920410156e+00
6.044543266296386719e+00
5.608726978302001953e+00
5.295825481414794922e+00
5.279006958007812500e+00
4.901011943817138672e+00
4.495306968688964844e+00
4.318592071533203125e+00
5.002897739410400391e+00
5.600702285766601562e+00
5.029613494873046875e+00
4.777267932891845703e+00
5.675914764404296875e+00
6.296645164489746094e+00
4.726224422454833984e+00
4.830443382263183594e+00
6.432793617248535156e+00
4.972486972808837891e+00
4.873490333557128906e+00
5.081493377685546875e+00
4.678495883941650391e+00
5.125785827636718750e+00
4.803620338439941406e+00
4.221569061279296875e+00
5.757747650146484375e+00
4.580877304077148438e+00
4.888305187225341797e+00
6.185600757598876953e+00
5.544579029083251953e+00
4.975637435913085938e+00
5.980306625366210938e+00
5.087682723999023438e+00
4.408031463623046875e+00
6.641890525817871094e+00
5.154602050781250000e+00
5.105796337127685547e+00
5.385002136230468750e+00
6.772925853729248047e+00
4.752690315246582031e+00
5.142419815063476562e+00
5.269834518432617188e+00
5.154522895812988281e+00
6.299273490905761719e+00
5.905716419219970703e+00
4.661157131195068359e+00
4.601380348205566406e+00
5.239740371704101562e+00
5.172437667846679688e+00
5.350071430206298828e+00
5.796666622161865234e+00
5.242704868316650391e+00
4.233520984649658203e+00
5.845954418182373047e+00
7.499437332153320312e+00
6.819643974304199219e+00
7.033468246459960938e+00
5.792537689208984375e+00
5.766901969909667969e+00
4.984761714935302734e+00
4.792863845825195312e+00
4.355553150177001953e+00
4.295757770538330078e+00
5.491456508636474609e+00
5.061132431030273438e+00
6.862708091735839844e+00
4.880664348602294922e+00
5.466562747955322266e+00
6.636514663696289062e+00
6.129112720489501953e+00
5.198904037475585938e+00
5.353902816772460938e+00
5.803497314453125000e+00
6.534955024719238281e+00
5.571479797363281250e+00
5.452819824218750000e+00
6.979703903198242188e+00
5.298412322998046875e+00
6.861545085906982422e+00
6.314560413360595703e+00
6.278056621551513672e+00
4.687020778656005859e+00
5.282483100891113281e+00
5.039285182952880859e+00
5.833030223846435547e+00
5.251521587371826172e+00
4.618603706359863281e+00
5.161453723907470703e+00
6.116448402404785156e+00
6.165708541870117188e+00
4.978878974914550781e+00
4.702916145324707031e+00
5.935607910156250000e+00
4.893293380737304688e+00
5.688766956329345703e+00
5.286602020263671875e+00
4.850789070129394531e+00
4.826861381530761719e+00
5.652353286743164062e+00
5.117517471313476562e+00
4.652604103088378906e+00
4.436886787414550781e+00
5.083222866058349609e+00
4.660052776336669922e+00
5.182766914367675781e+00
4.760425090789794922e+00
5.709558010101318359e+00
4.783297061920166016e+00
4.781587123870849609e+00
4.531732559204101562e+00
4.828551769256591797e+00
5.274888038635253906e+00
4.785045623779296875e+00
4.678396701812744141e+00
5.490673542022705078e+00
5.031676769256591797e+00
4.542496204376220703e+00
5.155167102813720703e+00
4.434699535369873047e+00
6.625646114349365234e+00
5.188714027404785156e+00
5.503497123718261719e+00
5.870671272277832031e+00
6.413051605224609375e+00
4.446423530578613281e+00
6.132681846618652344e+00
5.475914478302001953e+00
5.243665218353271484e+00
4.997338771820068359e+00
5.126615047454833984e+00
4.799228668212890625e+00
5.559199333190917969e+00
5.031177997589111328e+00
5.085155487060546875e+00
5.190135002136230469e+00
4.973095417022705078e+00
5.058288574218750000e+00
5.848365306854248047e+00
5.471823692321777344e+00
4.650826454162597656e+00
5.265008926391601562e+00
4.958316326141357422e+00
5.080427646636962891e+00
4.436110019683837891e+00
6.477594852447509766e+00
4.981036663055419922e+00
4.926446437835693359e+00
4.656136989593505859e+00
4.865614414215087891e+00
4.780508518218994141e+00
5.399934768676757812e+00
4.951378822326660156e+00
5.174775600433349609e+00
4.562438964843750000e+00
5.186831951141357422e+00
5.302787780761718750e+00
4.397391319274902344e+00
5.427367687225341797e+00
6.631682395935058594e+00
5.473407745361328125e+00
5.304532527923583984e+00
5.491335391998291016e+00
4.632513999938964844e+00
5.458670616149902344e+00
5.378464698791503906e+00
4.807386875152587891e+00
5.050305843353271484e+00
5.031211853027343750e+00
5.145540714263916016e+00
5.094134807586669922e+00
4.386499881744384766e+00
4.864706993103027344e+00
4.017809867858886719e+00
4.619746208190917969e+00
5.348053455352783203e+00
5.847301483154296875e+00
5.005608081817626953e+00
5.192820549011230469e+00
5.056690216064453125e+00
5.622083663940429688e+00
4.942687511444091797e+00
4.676886558532714844e+00
4.140130519866943359e+00
4.242021560668945312e+00
7.048716068267822266e+00
4.929286479949951172e+00
4.346248626708984375e+00
5.200927257537841797e+00
6.006824016571044922e+00
4.684152126312255859e+00
4.820068836212158203e+00
4.897541522979736328e+00
5.241638183593750000e+00
5.674562931060791016e+00
4.402616024017333984e+00
5.399093627929687500e+00
4.052727699279785156e+00
5.685299873352050781e+00
4.767939090728759766e+00
5.658833026885986328e+00
6.141129493713378906e+00
6.067816257476806641e+00
4.475655078887939453e+00
5.682053565979003906e+00
7.405887126922607422e+00
6.158008575439453125e+00
6.237463474273681641e+00
5.465531349182128906e+00
4.752256870269775391e+00
5.629438877105712891e+00
5.709814548492431641e+00
4.798170566558837891e+00
4.798910140991210938e+00
6.284968852996826172e+00
4.877452850341796875e+00
4.912088871002197266e+00
6.906217098236083984e+00
5.279397487640380859e+00
5.813669204711914062e+00
6.162835597991943359e+00
5.699981212615966797e+00
4.420883655548095703e+00
5.182835102081298828e+00
5.022089958190917969e+00
5.036995410919189453e+00
5.301039695739746094e+00
5.354154109954833984e+00
4.809890747070312500e+00
5.907260417938232422e+00
4.823330879211425781e+00
4.788256645202636719e+00
6.444693088531494141e+00
5.027956962585449219e+00
4.762603282928466797e+00
5.362522602081298828e+00
5.255474567413330078e+00
4.694526672363281250e+00
5.457141876220703125e+00
5.179207801818847656e+00
4.818126201629638672e+00
5.659395694732666016e+00
6.500193595886230469e+00
4.419189453125000000e+00
4.558604240417480469e+00
7.602228164672851562e+00
5.689140319824218750e+00
5.431510448455810547e+00
4.717105388641357422e+00
6.893199443817138672e+00
5.225024223327636719e+00
5.580981731414794922e+00
5.054468154907226562e+00
4.728016376495361328e+00
5.430066108703613281e+00
5.653495311737060547e+00
4.914434909820556641e+00
4.975696086883544922e+00
4.526296615600585938e+00
6.168643951416015625e+00
6.784896850585937500e+00
5.118684291839599609e+00
7.000638008117675781e+00
6.728201866149902344e+00
5.658985137939453125e+00
5.240648746490478516e+00
5.359096050262451172e+00
4.023185253143310547e+00
5.094244003295898438e+00
5.782606124877929688e+00
5.088993072509765625e+00
4.772011756896972656e+00
5.027456760406494141e+00
5.225257873535156250e+00
4.548011779785156250e+00
4.421694278717041016e+00
4.529534816741943359e+00
3.815790176391601562e+00
4.856117248535156250e+00
5.888365745544433594e+00
4.737697124481201172e+00
5.011176109313964844e+00
5.186170578002929688e+00
5.156142234802246094e+00
5.112328529357910156e+00
5.932016372680664062e+00
5.172757625579833984e+00
4.506854057312011719e+00
5.917566299438476562e+00
4.710773944854736328e+00
5.853127002716064453e+00
5.634253978729248047e+00
4.851234436035156250e+00
5.555560111999511719e+00
5.063755989074707031e+00
5.168553352355957031e+00
5.073221206665039062e+00
4.793114662170410156e+00
5.116328716278076172e+00
5.443903923034667969e+00
4.931420326232910156e+00
4.918106079101562500e+00
5.750372886657714844e+00
4.924935817718505859e+00
5.125567913055419922e+00
5.524043083190917969e+00
6.474930286407470703e+00
4.706456184387207031e+00
5.358423233032226562e+00
6.061096191406250000e+00
5.076557159423828125e+00
5.735413551330566406e+00
4.893083095550537109e+00
4.972744941711425781e+00
4.314928531646728516e+00
5.429766178131103516e+00
4.464048862457275391e+00
4.622588634490966797e+00
5.101285934448242188e+00
5.043827056884765625e+00
6.192009925842285156e+00
4.590562820434570312e+00
4.975901603698730469e+00
7.003100395202636719e+00
5.838640213012695312e+00
7.318740844726562500e+00
4.783545970916748047e+00
5.312716960906982422e+00
5.867606163024902344e+00
5.417911052703857422e+00
5.246567249298095703e+00
5.122410774230957031e+00
6.070306777954101562e+00
3.921231985092163086e+00
6.405106544494628906e+00
5.031678676605224609e+00
5.781621456146240234e+00
5.542896747589111328e+00
5.312913894653320312e+00
6.210759162902832031e+00
4.971934795379638672e+00
5.446158885955810547e+00
5.874417781829833984e+00
4.974124431610107422e+00
6.093056678771972656e+00
4.867068767547607422e+00
5.543195247650146484e+00
4.868844032287597656e+00
5.045503139495849609e+00
5.511028766632080078e+00
6.348759651184082031e+00
6.209390163421630859e+00
4.603825092315673828e+00
5.350337505340576172e+00
4.365394592285156250e+00
6.121649265289306641e+00
4.614344596862792969e+00
4.936153411865234375e+00
5.863949298858642578e+00
5.744011878967285156e+00
5.090833187103271484e+00
6.368097305297851562e+00
5.615322589874267578e+00
5.169040679931640625e+00
4.973162651062011719e+00
4.656079292297363281e+00
5.594013214111328125e+00
4.234708309173583984e+00
4.965150356292724609e+00
5.109636783599853516e+00
5.363538742065429688e+00
6.274852275848388672e+00
4.845417022705078125e+00
5.611241817474365234e+00
5.057974815368652344e+00
5.205100059509277344e+00
5.301790714263916016e+00
5.400872230529785156e+00
6.491356372833251953e+00
5.884911537170410156e+00
5.909363746643066406e+00
5.680577278137207031e+00
5.273990631103515625e+00
6.513797283172607422e+00
6.832487106323242188e+00
6.064936161041259766e+00
5.563302516937255859e+00
5.538347244262695312e+00
5.452895641326904297e+00
5.272078037261962891e+00
5.702396392822265625e+00
5.415963649749755859e+00
5.168530464172363281e+00
5.290326595306396484e+00
5.478968620300292969e+00
5.477122783660888672e+00
4.997820377349853516e+00
4.746437072753906250e+00
5.540234565734863281e+00
5.473187446594238281e+00
4.697641849517822266e+00
5.758178710937500000e+00
4.902832984924316406e+00
5.681684017181396484e+00
6.096621990203857422e+00
4.227174758911132812e+00
6.791070461273193359e+00
5.225369453430175781e+00
5.250245094299316406e+00
4.667572975158691406e+00
4.882053375244140625e+00
5.561143875122070312e+00
5.034817695617675781e+00
4.670108318328857422e+00
4.885835647583007812e+00
5.449340820312500000e+00
5.044453144073486328e+00
5.225173950195312500e+00
5.177958488464355469e+00
6.077247142791748047e+00
6.615594863891601562e+00
4.986763477325439453e+00
5.280039787292480469e+00
5.838930130004882812e+00
4.492606163024902344e+00
4.186490058898925781e+00
4.926246643066406250e+00
5.022469043731689453e+00
6.078546524047851562e+00
5.624130725860595703e+00
4.919860839843750000e+00
4.687881469726562500e+00
5.055886745452880859e+00
4.903355598449707031e+00
4.789571762084960938e+00
5.241653919219970703e+00
4.786588191986083984e+00
4.957411766052246094e+00
5.216281890869140625e+00
6.465287685394287109e+00
5.466332912445068359e+00
5.518135070800781250e+00
6.410308837890625000e+00
4.774679660797119141e+00
4.503574848175048828e+00
4.475110054016113281e+00
4.195718765258789062e+00
4.025269031524658203e+00
4.517313480377197266e+00
4.994618415832519531e+00
7.239196300506591797e+00
5.731224060058593750e+00
5.527766227722167969e+00
4.976862430572509766e+00
6.310683250427246094e+00
5.241710186004638672e+00
5.090363025665283203e+00
5.135221004486083984e+00
4.844565868377685547e+00
5.308634281158447266e+00
4.253123283386230469e+00
6.293899536132812500e+00
5.138387680053710938e+00
6.120786666870117188e+00
5.406193733215332031e+00
5.463011264801025391e+00
5.112449645996093750e+00
5.247014045715332031e+00
5.164629459381103516e+00
4.906587123870849609e+00
5.862509727478027344e+00
5.481636524200439453e+00
5.390168190002441406e+00
4.932726860046386719e+00
4.901021480560302734e+00
7.548236846923828125e+00
5.263910293579101562e+00
4.164147853851318359e+00
4.672771453857421875e+00
5.047545433044433594e+00
4.245594501495361328e+00
5.696776866912841797e+00
4.338348388671875000e+00
5.251640319824218750e+00
4.864692211151123047e+00
4.733902931213378906e+00
5.601532936096191406e+00
5.136112213134765625e+00
4.853108406066894531e+00
5.040616512298583984e+00
4.491180419921875000e+00
5.631620883941650391e+00
6.138370990753173828e+00
6.510936260223388672e+00
4.671740531921386719e+00
5.920767307281494141e+00
6.667178153991699219e+00
5.474489212036132812e+00
5.622576236724853516e+00
5.248932361602783203e+00
4.878808021545410156e+00
5.296733856201171875e+00
4.910624504089355469e+00
5.175939559936523438e+00
5.060100555419921875e+00
5.373656272888183594e+00
4.558043003082275391e+00
8.361257553100585938e+00
4.625522613525390625e+00
5.361285209655761719e+00
6.467236518859863281e+00
5.207402229309082031e+00
5.202920436859130859e+00
5.036341667175292969e+00
4.967278003692626953e+00
4.339067459106445312e+00
6.164681911468505859e+00
5.148744583129882812e+00
4.959397792816162109e+00
5.932706832885742188e+00
6.271675109863281250e+00
5.869474411010742188e+00
5.602339744567871094e+00
5.280292987823486328e+00
5.230530738830566406e+00
4.630475997924804688e+00
6.474700927734375000e+00
4.691973686218261719e+00
4.348469257354736328e+00
4.635413169860839844e+00
5.597641468048095703e+00
5.076889038085937500e+00
5.826861381530761719e+00
5.232131958007812500e+00
5.195531368255615234e+00
4.566785335540771484e+00
4.422973155975341797e+00
5.533286094665527344e+00
4.852835178375244141e+00
6.619153022766113281e+00
5.017465114593505859e+00
4.579344272613525391e+00
5.782684803009033203e+00
5.073754310607910156e+00
6.202831745147705078e+00
5.303751945495605469e+00
4.861357688903808594e+00
6.055195808410644531e+00
5.537217140197753906e+00
4.640777111053466797e+00
4.475017547607421875e+00
4.101161956787109375e+00
4.871502399444580078e+00
4.971327781677246094e+00
5.712160587310791016e+00
5.965112686157226562e+00
6.263278961181640625e+00
7.796802520751953125e+00
7.111787796020507812e+00
5.381445884704589844e+00
4.562885761260986328e+00
5.610871315002441406e+00
4.548251152038574219e+00
5.820840835571289062e+00
5.578603267669677734e+00
4.892777919769287109e+00
5.027783393859863281e+00
5.736267566680908203e+00
4.773571491241455078e+00
5.033520221710205078e+00
5.798858642578125000e+00
4.931838512420654297e+00
5.328212738037109375e+00
4.555075645446777344e+00
4.571350097656250000e+00
6.260371208190917969e+00
7.054441928863525391e+00
6.538642883300781250e+00
4.392569541931152344e+00
4.194145679473876953e+00
5.781318664550781250e+00
5.085715293884277344e+00
5.885761737823486328e+00
4.069089889526367188e+00
5.023880958557128906e+00
4.612999916076660156e+00
5.187901496887207031e+00
5.599294185638427734e+00
4.065133094787597656e+00
4.887817859649658203e+00
5.208952426910400391e+00
5.671775341033935547e+00
4.383628845214843750e+00
5.376376628875732422e+00
5.888617515563964844e+00
4.630345344543457031e+00
5.435537338256835938e+00
5.183084011077880859e+00
5.181633949279785156e+00
5.454912185668945312e+00
4.958799362182617188e+00
4.445679187774658203e+00
5.039700508117675781e+00
5.286015987396240234e+00
7.189075469970703125e+00
5.642721176147460938e+00
5.619868755340576172e+00
5.387167453765869141e+00
5.324127197265625000e+00
5.599254131317138672e+00
5.454270839691162109e+00
7.072693347930908203e+00
4.342869281768798828e+00
4.826932907104492188e+00
4.621554374694824219e+00
4.878347873687744141e+00
4.487299442291259766e+00
5.422270774841308594e+00
4.903388500213623047e+00
5.859445571899414062e+00
5.799624443054199219e+00
4.694780349731445312e+00
6.573660850524902344e+00
5.678716182708740234e+00
5.191078186035156250e+00
4.833269119262695312e+00
4.864811420440673828e+00
5.642584323883056641e+00
5.029739379882812500e+00
4.808483123779296875e+00
6.351302146911621094e+00
5.082535266876220703e+00
4.676708221435546875e+00
5.628245830535888672e+00
5.225743770599365234e+00
4.960617542266845703e+00
4.446824073791503906e+00
5.053319454193115234e+00
5.143717765808105469e+00
4.814393043518066406e+00
4.405147552490234375e+00
5.080957412719726562e+00
4.582523822784423828e+00
4.422663688659667969e+00
5.059963226318359375e+00
5.309715747833251953e+00
5.519517421722412109e+00
4.872286796569824219e+00
5.021614551544189453e+00
4.308957099914550781e+00
5.026889801025390625e+00
4.335881710052490234e+00
4.813925743103027344e+00
4.936630725860595703e+00
5.960902690887451172e+00
5.717802047729492188e+00
5.808197975158691406e+00
5.103521823883056641e+00
5.279276847839355469e+00
4.827762603759765625e+00
4.584932804107666016e+00
4.614382743835449219e+00
3.707532405853271484e+00
4.934888839721679688e+00
4.767167091369628906e+00
4.386960029602050781e+00
4.756227016448974609e+00
5.299431800842285156e+00
5.823377609252929688e+00
5.493954658508300781e+00
4.594488620758056641e+00
4.872030735015869141e+00
4.763385295867919922e+00
5.285087108612060547e+00
5.185976028442382812e+00
4.659069538116455078e+00
5.658997535705566406e+00
4.579133987426757812e+00
4.301525592803955078e+00
5.544102191925048828e+00
4.553335189819335938e+00
4.635057926177978516e+00
4.737351417541503906e+00
4.390028476715087891e+00
4.742310523986816406e+00
5.165810108184814453e+00
5.185348033905029297e+00
5.142297744750976562e+00
5.435557842254638672e+00
5.801808357238769531e+00
4.755509376525878906e+00
5.447586536407470703e+00
5.615550994873046875e+00
5.005787849426269531e+00
6.600008010864257812e+00
5.227977275848388672e+00
5.464410781860351562e+00
5.355576992034912109e+00
4.882125377655029297e+00
5.518981456756591797e+00
6.153564929962158203e+00
4.611218929290771484e+00
5.852348327636718750e+00
6.067749977111816406e+00
4.919201374053955078e+00
5.068322181701660156e+00
5.407330513000488281e+00
5.149960517883300781e+00
5.457490921020507812e+00
5.942997455596923828e+00
5.024890422821044922e+00
5.746391296386718750e+00
4.125956535339355469e+00
5.189156532287597656e+00
5.057846546173095703e+00
6.361509323120117188e+00
4.728605270385742188e+00
4.276234626770019531e+00
6.416927337646484375e+00
5.672715663909912109e+00
5.020164012908935547e+00
5.025193214416503906e+00
4.937202930450439453e+00
5.339040279388427734e+00
5.196386814117431641e+00
5.560059070587158203e+00
5.354470252990722656e+00
4.692656993865966797e+00
5.369749546051025391e+00
4.367125511169433594e+00
5.246263027191162109e+00
4.821475982666015625e+00
4.248990058898925781e+00
4.803109169006347656e+00
5.202564716339111328e+00
4.700282096862792969e+00
4.409291267395019531e+00
6.284229755401611328e+00
4.385959148406982422e+00
5.762232780456542969e+00
6.282649040222167969e+00
4.476261615753173828e+00
5.272906303405761719e+00
4.638234615325927734e+00
4.903337478637695312e+00
6.197741031646728516e+00
5.993669509887695312e+00
5.129182338714599609e+00
4.931270599365234375e+00
4.414586067199707031e+00
4.953209400177001953e+00
5.497446537017822266e+00
5.151113986968994141e+00
5.071564674377441406e+00
5.463290214538574219e+00
5.507303237915039062e+00
6.522506713867187500e+00
5.871915817260742188e+00
5.114312171936035156e+00
4.989227294921875000e+00
4.711663722991943359e+00
5.387011051177978516e+00
5.499730110168457031e+00
5.067843437194824219e+00
6.195266246795654297e+00
5.417420387268066406e+00
4.722632884979248047e+00
5.159112453460693359e+00
5.856099128723144531e+00
6.290627956390380859e+00
5.053804874420166016e+00
4.415309906005859375e+00
4.253810405731201172e+00
6.174841403961181641e+00
5.522276401519775391e+00
5.644423484802246094e+00
4.569713592529296875e+00
5.188529968261718750e+00
5.189926147460937500e+00
5.700304508209228516e+00
5.146393299102783203e+00
6.235167026519775391e+00
4.350558280944824219e+00
7.200280189514160156e+00
5.526050567626953125e+00
5.865031242370605469e+00
4.998264312744140625e+00
4.770210266113281250e+00
4.838560104370117188e+00
5.298892974853515625e+00
4.359019279479980469e+00
5.168086051940917969e+00
5.465774059295654297e+00
5.274115562438964844e+00
5.389963626861572266e+00
4.417768955230712891e+00
6.563601016998291016e+00
5.165640830993652344e+00
5.694334506988525391e+00
5.555933952331542969e+00
5.605734348297119141e+00
5.758900642395019531e+00
4.502860069274902344e+00
4.659047126770019531e+00
4.824896812438964844e+00
4.286768913269042969e+00
4.599593162536621094e+00
5.526307106018066406e+00
5.171467781066894531e+00
4.779720306396484375e+00
5.135945320129394531e+00
5.919153213500976562e+00
4.821984291076660156e+00
4.355281829833984375e+00
4.606361389160156250e+00
5.209729671478271484e+00
6.360576152801513672e+00
5.416148662567138672e+00
4.902405738830566406e+00
6.640386581420898438e+00
4.954673290252685547e+00
5.455154895782470703e+00
6.016020298004150391e+00
5.325572013854980469e+00
4.452389240264892578e+00
5.729104995727539062e+00
4.825327873229980469e+00
4.863436698913574219e+00
4.973461627960205078e+00
4.826261043548583984e+00
5.003036499023437500e+00
4.645468711853027344e+00
5.345287322998046875e+00
6.913811206817626953e+00
6.441074371337890625e+00
5.216085910797119141e+00
4.549611091613769531e+00
5.722990512847900391e+00
4.511538028717041016e+00
5.178853988647460938e+00
5.725912570953369141e+00
4.266639232635498047e+00
4.915590763092041016e+00
4.484807014465332031e+00
5.353058815002441406e+00
4.917365550994873047e+00
6.161055088043212891e+00
4.689864635467529297e+00
4.699198246002197266e+00
5.073367595672607422e+00
7.090845108032226562e+00
5.050809860229492188e+00
5.273972511291503906e+00
6.426343917846679688e+00
5.676736354827880859e+00
4.416451930999755859e+00
5.775254249572753906e+00
5.804511070251464844e+00
5.373507976531982422e+00
4.875236511230468750e+00
5.885291099548339844e+00
5.438816070556640625e+00
5.113353729248046875e+00
5.368389606475830078e+00
5.044600009918212891e+00
4.869532585144042969e+00
5.767326831817626953e+00
5.223895072937011719e+00
4.564401626586914062e+00
6.016308784484863281e+00
6.884944915771484375e+00
6.361270427703857422e+00
5.063202857971191406e+00
5.919248580932617188e+00
6.512974739074707031e+00
5.387126922607421875e+00
5.055832862854003906e+00
5.030163764953613281e+00
4.325170516967773438e+00
4.792706489562988281e+00
6.073873043060302734e+00
6.647088050842285156e+00
4.704507350921630859e+00
5.640358924865722656e+00
6.345158576965332031e+00
5.635235786437988281e+00
4.241300582885742188e+00
4.619458198547363281e+00
6.114113807678222656e+00
5.519245147705078125e+00
7.006291389465332031e+00
5.093290328979492188e+00
4.179980754852294922e+00
6.038041114807128906e+00
5.724874019622802734e+00
5.312737464904785156e+00
5.283041954040527344e+00
6.438776969909667969e+00
5.619385719299316406e+00
4.569705009460449219e+00
5.195680141448974609e+00
5.488413810729980469e+00
4.549497127532958984e+00
5.835787773132324219e+00
5.762539386749267578e+00
5.452699184417724609e+00
7.267778396606445312e+00
6.073897838592529297e+00
7.610820770263671875e+00
5.069198608398437500e+00
5.246349811553955078e+00
6.837295532226562500e+00
8.071925163269042969e+00
5.931633472442626953e+00
5.755789279937744141e+00
5.510733604431152344e+00
6.283842086791992188e+00
6.236468315124511719e+00
6.099128723144531250e+00
6.924973011016845703e+00
7.302972793579101562e+00
5.556069374084472656e+00
5.679303169250488281e+00
5.955519676208496094e+00
5.010930061340332031e+00
4.362581253051757812e+00
4.631193637847900391e+00
5.192027568817138672e+00
6.655207633972167969e+00
6.327339172363281250e+00
5.899158954620361328e+00
4.842972278594970703e+00
4.512907028198242188e+00
5.897703170776367188e+00
4.924681186676025391e+00
5.420894145965576172e+00
5.775293827056884766e+00
6.279644966125488281e+00
5.786998748779296875e+00
6.373941898345947266e+00
4.325762271881103516e+00
5.553080558776855469e+00
4.904325008392333984e+00
5.888208866119384766e+00
5.964235305786132812e+00
4.236848831176757812e+00
5.688896656036376953e+00
6.974061012268066406e+00
6.861670494079589844e+00
4.426468372344970703e+00
5.264795780181884766e+00
5.164332866668701172e+00
5.151284217834472656e+00
5.123124599456787109e+00
4.913808822631835938e+00
5.000866889953613281e+00
5.123025417327880859e+00
4.454877853393554688e+00
5.361560821533203125e+00
7.352992057800292969e+00
6.455393314361572266e+00
5.578540802001953125e+00
4.958754539489746094e+00
5.723258018493652344e+00
5.051497459411621094e+00
4.405263900756835938e+00
5.752861499786376953e+00
5.049675941467285156e+00
4.960471630096435547e+00
5.083735466003417969e+00
5.416490554809570312e+00
5.735814571380615234e+00
5.678232192993164062e+00
4.896446228027343750e+00
4.844522953033447266e+00
5.013714313507080078e+00
5.360590457916259766e+00
3.884283781051635742e+00
6.424686908721923828e+00
5.781456470489501953e+00
5.180391311645507812e+00
5.836734771728515625e+00
4.820724487304687500e+00
7.623980522155761719e+00
4.269855022430419922e+00
5.963198184967041016e+00
4.858153820037841797e+00
5.204720020294189453e+00
4.990390300750732422e+00
5.800524711608886719e+00
5.026976108551025391e+00
4.921447753906250000e+00
3.942011117935180664e+00
4.034844398498535156e+00
5.474660396575927734e+00
4.873034954071044922e+00
4.265743255615234375e+00
5.717909812927246094e+00
5.588420867919921875e+00
4.982385158538818359e+00
5.364317417144775391e+00
5.137122154235839844e+00
5.546085357666015625e+00
3.719853639602661133e+00
5.875570774078369141e+00
5.053261756896972656e+00
4.754397392272949219e+00
4.805599212646484375e+00
5.458940505981445312e+00
5.322716712951660156e+00
4.833318233489990234e+00
6.121621131896972656e+00
5.866192817687988281e+00
5.329323768615722656e+00
4.786204338073730469e+00
5.656678199768066406e+00
5.950519561767578125e+00
5.017561435699462891e+00
5.781221389770507812e+00
5.174560070037841797e+00
5.707104206085205078e+00
5.637660980224609375e+00
5.850052833557128906e+00
4.576923370361328125e+00
4.980800151824951172e+00
5.103528976440429688e+00
5.890468120574951172e+00
4.945632457733154297e+00
4.994328498840332031e+00
5.948713779449462891e+00
4.885972499847412109e+00
4.269073009490966797e+00
6.525535583496093750e+00
5.806883335113525391e+00
5.797621726989746094e+00
5.871312141418457031e+00
4.609270572662353516e+00
4.541938781738281250e+00
4.781852245330810547e+00
5.760796070098876953e+00
6.477979660034179688e+00
7.675012588500976562e+00
5.028989315032958984e+00
5.450718879699707031e+00
5.291972637176513672e+00
4.842608928680419922e+00
5.017945766448974609e+00
5.881188392639160156e+00
6.373409271240234375e+00
5.873985290527343750e+00
4.886387348175048828e+00
4.955837249755859375e+00
5.605077266693115234e+00
5.421905040740966797e+00
4.674104690551757812e+00
5.375205039978027344e+00
5.084122657775878906e+00
5.318913459777832031e+00
4.208767414093017578e+00
5.021463871002197266e+00
6.145312309265136719e+00
6.634419441223144531e+00
5.900652408599853516e+00
6.118516921997070312e+00
5.463516712188720703e+00
5.555974006652832031e+00
5.604551792144775391e+00
5.238289356231689453e+00
5.448514938354492188e+00
5.223077774047851562e+00
5.260555267333984375e+00
4.758017539978027344e+00
5.092331409454345703e+00
5.281843185424804688e+00
5.374588489532470703e+00
5.278627395629882812e+00
4.893244743347167969e+00
6.174240112304687500e+00
5.138671875000000000e+00
5.037813186645507812e+00
5.261656284332275391e+00
5.734972953796386719e+00
4.798529624938964844e+00
4.823632717132568359e+00
4.907487869262695312e+00
5.035094261169433594e+00
5.307959556579589844e+00
4.690274715423583984e+00
5.129357337951660156e+00
5.339254379272460938e+00
4.902229309082031250e+00
5.397973537445068359e+00
4.453764438629150391e+00
4.860744953155517578e+00
5.228725433349609375e+00
5.470946311950683594e+00
4.861308097839355469e+00
5.447590351104736328e+00
5.387575149536132812e+00
6.013897895812988281e+00
6.326805114746093750e+00
6.042505741119384766e+00
4.769434452056884766e+00
4.976435661315917969e+00
4.860296249389648438e+00
4.676190853118896484e+00
5.179835796356201172e+00
4.735865116119384766e+00
5.369993209838867188e+00
4.365412235260009766e+00
4.485789775848388672e+00
3.596638917922973633e+00
5.502220630645751953e+00
6.298974514007568359e+00
5.714283466339111328e+00
6.399151802062988281e+00
5.290035724639892578e+00
4.900128841400146484e+00
4.396413803100585938e+00
5.518376350402832031e+00
5.177643299102783203e+00
4.858182907104492188e+00
5.391695022583007812e+00
6.417493820190429688e+00
5.661806583404541016e+00
4.803359508514404297e+00
5.333888530731201172e+00
4.768075942993164062e+00
7.594742774963378906e+00
4.994293689727783203e+00
5.131092071533203125e+00
5.178842067718505859e+00
4.873096466064453125e+00
5.675237178802490234e+00
4.672520160675048828e+00
5.049110412597656250e+00
4.288442611694335938e+00
6.375391960144042969e+00
5.298690795898437500e+00
6.976286888122558594e+00
5.202005386352539062e+00
5.244388580322265625e+00
5.718635082244873047e+00
4.857193946838378906e+00
5.327616214752197266e+00
5.621269226074218750e+00
5.067056655883789062e+00
6.566068649291992188e+00
3.632115364074707031e+00
5.920228958129882812e+00
4.992092609405517578e+00
5.135799407958984375e+00
5.438946247100830078e+00
6.212200641632080078e+00
5.819372177124023438e+00
6.499359130859375000e+00
5.563304901123046875e+00
6.057019710540771484e+00
5.850663661956787109e+00
5.022909164428710938e+00
4.344507694244384766e+00
4.907979011535644531e+00
5.295992851257324219e+00
5.691574573516845703e+00
5.449179649353027344e+00
6.457870006561279297e+00
6.660981178283691406e+00
4.742201328277587891e+00
4.712346076965332031e+00
5.911146163940429688e+00
6.258275985717773438e+00
5.171757221221923828e+00
6.054181098937988281e+00
4.913613319396972656e+00
5.356869697570800781e+00
5.610680580139160156e+00
5.713038444519042969e+00
4.843754768371582031e+00
5.662238597869873047e+00
5.659184932708740234e+00
7.585449218750000000e+00
5.708497524261474609e+00
5.156926631927490234e+00
4.495066642761230469e+00
5.562296867370605469e+00
5.344985485076904297e+00
5.517807006835937500e+00
5.571994781494140625e+00
6.183916568756103516e+00
5.679354667663574219e+00
6.711377620697021484e+00
6.001567363739013672e+00
5.653798103332519531e+00
5.227599143981933594e+00
5.141634941101074219e+00
5.263741493225097656e+00
6.240589141845703125e+00
5.634654521942138672e+00
6.712297439575195312e+00
8.353397369384765625e+00
6.103288650512695312e+00
4.720061302185058594e+00
3.768702745437622070e+00
5.561937808990478516e+00
7.636151313781738281e+00
6.774606704711914062e+00
4.793232440948486328e+00
5.764187335968017578e+00
5.804812431335449219e+00
6.540188789367675781e+00
5.426319122314453125e+00
5.208235740661621094e+00
5.556982517242431641e+00
5.898090362548828125e+00
7.617361068725585938e+00
4.556566715240478516e+00
5.092646121978759766e+00
4.683324337005615234e+00
4.188234329223632812e+00
6.025268077850341797e+00
6.766770362854003906e+00
4.217785835266113281e+00
6.133772850036621094e+00
5.929166316986083984e+00
4.842150211334228516e+00
6.484718322753906250e+00
5.460486412048339844e+00
5.102931022644042969e+00
5.086927890777587891e+00
4.244167327880859375e+00
4.837738513946533203e+00
4.826662540435791016e+00
5.809254646301269531e+00
6.381641387939453125e+00
5.247025966644287109e+00
6.570329666137695312e+00
6.391721725463867188e+00
5.167710304260253906e+00
5.016345977783203125e+00
4.584963798522949219e+00
5.259987354278564453e+00
7.470711231231689453e+00
4.683014392852783203e+00
4.675533294677734375e+00
5.189425945281982422e+00
4.617323398590087891e+00
5.598852634429931641e+00
5.698473453521728516e+00
4.538693428039550781e+00
5.493811130523681641e+00
6.414096832275390625e+00
5.455482959747314453e+00
5.175801753997802734e+00
5.756225109100341797e+00
4.980817317962646484e+00
4.587409496307373047e+00
5.298366069793701172e+00
5.140838623046875000e+00
5.318361759185791016e+00
5.064593791961669922e+00
5.081344127655029297e+00
5.653137207031250000e+00
5.403854846954345703e+00
6.491520881652832031e+00
6.160686492919921875e+00
5.802477836608886719e+00
5.443641185760498047e+00
4.856322288513183594e+00
5.054557800292968750e+00
6.007797241210937500e+00
6.136111259460449219e+00
4.869228363037109375e+00
5.498310089111328125e+00
5.492915153503417969e+00
5.777318000793457031e+00
4.876472473144531250e+00
5.911237239837646484e+00
6.610956668853759766e+00
5.856424331665039062e+00
5.155642032623291016e+00
5.330547332763671875e+00
6.105793476104736328e+00
6.160538673400878906e+00
4.735373973846435547e+00
5.348194599151611328e+00
5.724217414855957031e+00
5.496350765228271484e+00
5.337562561035156250e+00
5.035442829132080078e+00
4.850542068481445312e+00
4.660653591156005859e+00
6.148127555847167969e+00
5.103109836578369141e+00
6.278131484985351562e+00
5.016665935516357422e+00
5.705802917480468750e+00
5.249985694885253906e+00
4.572177886962890625e+00
5.220841407775878906e+00
5.355443477630615234e+00
5.004565715789794922e+00
5.599703311920166016e+00
5.832290172576904297e+00
5.733074665069580078e+00
5.512325286865234375e+00
5.575817584991455078e+00
6.420499801635742188e+00
8.039712905883789062e+00
5.199102401733398438e+00
8.287585258483886719e+00
4.806571483612060547e+00
6.713608264923095703e+00
5.635383129119873047e+00
4.755527496337890625e+00
6.213438510894775391e+00
5.560628890991210938e+00
5.253322601318359375e+00
5.767449378967285156e+00
5.696339130401611328e+00
5.361438751220703125e+00
5.069959163665771484e+00
4.706375122070312500e+00
4.944774150848388672e+00
4.035045623779296875e+00
5.042261600494384766e+00
4.801846981048583984e+00
5.179077625274658203e+00
4.793677330017089844e+00
5.998053073883056641e+00
4.731965065002441406e+00
5.343196392059326172e+00
5.391167640686035156e+00
6.093937397003173828e+00
5.199466228485107422e+00
5.262831211090087891e+00
6.046718120574951172e+00
6.127430915832519531e+00
4.319842338562011719e+00
4.861642360687255859e+00
3.827255487442016602e+00
5.159169197082519531e+00
6.189284801483154297e+00
6.194786071777343750e+00
5.018944740295410156e+00
6.225418090820312500e+00
5.402598381042480469e+00
5.175090789794921875e+00
4.891418457031250000e+00
6.315364360809326172e+00
5.152242660522460938e+00
4.928049564361572266e+00
4.647885799407958984e+00
6.237831592559814453e+00
5.007256031036376953e+00
4.941692829132080078e+00
5.696735382080078125e+00
5.621320247650146484e+00
4.449668884277343750e+00
5.497739315032958984e+00
5.226801872253417969e+00
5.017307281494140625e+00
6.174602031707763672e+00
5.864036560058593750e+00
4.946721076965332031e+00
5.214736461639404297e+00
6.344618320465087891e+00
4.764659881591796875e+00
5.929411411285400391e+00
5.681564807891845703e+00
6.029141426086425781e+00
6.927175521850585938e+00
5.266353130340576172e+00
4.679161071777343750e+00
4.812021732330322266e+00
5.431359767913818359e+00
5.422570228576660156e+00
6.130498409271240234e+00
5.649777889251708984e+00
5.032084465026855469e+00
6.650336265563964844e+00
6.119714736938476562e+00
5.179231643676757812e+00
5.444944858551025391e+00
5.142993450164794922e+00
4.373043537139892578e+00
5.590005397796630859e+00
5.863723754882812500e+00
5.066395759582519531e+00
5.978326797485351562e+00
4.778974056243896484e+00
5.700449943542480469e+00
5.804796218872070312e+00
4.989423274993896484e+00
4.875056266784667969e+00
5.459375858306884766e+00
5.382110595703125000e+00
4.377638339996337891e+00
4.347672462463378906e+00
4.611793518066406250e+00
4.899266242980957031e+00
4.950953006744384766e+00
4.399987697601318359e+00
5.199193477630615234e+00
3.946212291717529297e+00
6.396455764770507812e+00
4.597936630249023438e+00
4.894918918609619141e+00
6.036048412322998047e+00
6.024515628814697266e+00
5.394315719604492188e+00
5.295909881591796875e+00
6.008237838745117188e+00
6.541938304901123047e+00
4.636449813842773438e+00
5.723412513732910156e+00
5.839971542358398438e+00
5.931051731109619141e+00
5.297968864440917969e+00
6.896039009094238281e+00
6.144371986389160156e+00
5.418037414550781250e+00
5.334154605865478516e+00
5.740055084228515625e+00
4.781618118286132812e+00
4.749514102935791016e+00
4.675323486328125000e+00
5.753677368164062500e+00
4.310365200042724609e+00
4.639682769775390625e+00
6.441473960876464844e+00
5.235352516174316406e+00
5.626162528991699219e+00
5.888141632080078125e+00
5.271582126617431641e+00
5.639751434326171875e+00
7.371516227722167969e+00
5.992033004760742188e+00
5.835046768188476562e+00
6.553158283233642578e+00
5.733515739440917969e+00
6.672937393188476562e+00
6.807184696197509766e+00
8.169141769409179688e+00
7.032031059265136719e+00
6.005039215087890625e+00
5.351253509521484375e+00
6.047472476959228516e+00
6.290566444396972656e+00
6.271885871887207031e+00
6.255913734436035156e+00
5.363141536712646484e+00
5.958116531372070312e+00
5.468604564666748047e+00
5.749839782714843750e+00
6.687067985534667969e+00
6.871128082275390625e+00
6.057355880737304688e+00
6.259516716003417969e+00
7.156440734863281250e+00
5.325711250305175781e+00
6.244711875915527344e+00
6.901128768920898438e+00
5.346081733703613281e+00
5.872036933898925781e+00
5.379332542419433594e+00
4.930009365081787109e+00
4.507711410522460938e+00
5.678292751312255859e+00
6.344472885131835938e+00
6.190700531005859375e+00
5.278179168701171875e+00
5.417305946350097656e+00
6.432459831237792969e+00
6.906336307525634766e+00
5.616581439971923828e+00
5.917162418365478516e+00
4.710139274597167969e+00
4.999947547912597656e+00
5.416981220245361328e+00
6.747895240783691406e+00
6.572291374206542969e+00
4.675919532775878906e+00
5.741186141967773438e+00
5.020092010498046875e+00
6.585311412811279297e+00
5.806396961212158203e+00
5.074568271636962891e+00
5.023618221282958984e+00
5.062279224395751953e+00
5.516912937164306641e+00
5.718179225921630859e+00
6.785020828247070312e+00
5.367452621459960938e+00
5.796080112457275391e+00
5.314988136291503906e+00
5.613251209259033203e+00
5.448669433593750000e+00
6.127771377563476562e+00
6.431559085845947266e+00
8.615667343139648438e+00
5.679257392883300781e+00
7.261708736419677734e+00
4.969331264495849609e+00
5.841167926788330078e+00
6.561325550079345703e+00
6.754148960113525391e+00
5.528238296508789062e+00
6.058702945709228516e+00
5.475183486938476562e+00
6.248762607574462891e+00
5.267068862915039062e+00
5.842889308929443359e+00
4.945459365844726562e+00
6.308690547943115234e+00
5.561512947082519531e+00
6.366782665252685547e+00
5.478479862213134766e+00
5.971066474914550781e+00
5.643825054168701172e+00
6.057775974273681641e+00
5.658275127410888672e+00
5.954457283020019531e+00
6.102205753326416016e+00
6.244218349456787109e+00
6.564919948577880859e+00
5.250969409942626953e+00
5.450272560119628906e+00
6.108439445495605469e+00
6.317384243011474609e+00
6.183317184448242188e+00
5.455013751983642578e+00
5.722816944122314453e+00
4.407254219055175781e+00
5.799068450927734375e+00
5.510125160217285156e+00
5.033995628356933594e+00
5.078285217285156250e+00
4.530425071716308594e+00
5.561203479766845703e+00
6.091174125671386719e+00
6.246345520019531250e+00
6.765719890594482422e+00
4.313519477844238281e+00
4.566872596740722656e+00
5.289921283721923828e+00
4.947235584259033203e+00
4.326216220855712891e+00
5.612537384033203125e+00
5.308987140655517578e+00
5.136361598968505859e+00
5.485678195953369141e+00
4.027244091033935547e+00
5.919976234436035156e+00
5.923779964447021484e+00
4.994300365447998047e+00
5.923676490783691406e+00
5.449407100677490234e+00
4.113404750823974609e+00
5.394319057464599609e+00
4.924464702606201172e+00
5.318140983581542969e+00
4.911215782165527344e+00
5.280508041381835938e+00
6.672127723693847656e+00
4.479312896728515625e+00
5.065516471862792969e+00
5.756321430206298828e+00
5.345350265502929688e+00
4.770298480987548828e+00
6.919902801513671875e+00
7.061935901641845703e+00
5.229821205139160156e+00
4.839755535125732422e+00
4.623873233795166016e+00
6.116033077239990234e+00
5.858057498931884766e+00
4.970608711242675781e+00
5.786833763122558594e+00
5.560826301574707031e+00
5.443278312683105469e+00
4.657473564147949219e+00
5.340493202209472656e+00
5.342873573303222656e+00
4.709080219268798828e+00
4.114591121673583984e+00
5.234393596649169922e+00
5.859497070312500000e+00
5.629988670349121094e+00
5.531413078308105469e+00
4.832394123077392578e+00
5.046256065368652344e+00
5.070717811584472656e+00
4.580705642700195312e+00
4.990082740783691406e+00
5.623026371002197266e+00
5.165307998657226562e+00
6.911764144897460938e+00
5.415796279907226562e+00
5.263206005096435547e+00
4.831072330474853516e+00
6.095449924468994141e+00
6.114842891693115234e+00
5.483529567718505859e+00
5.503368854522705078e+00
4.980895996093750000e+00
5.030936717987060547e+00
4.438027381896972656e+00
4.058091640472412109e+00
5.490845680236816406e+00
5.873182296752929688e+00
5.010362625122070312e+00
4.674541950225830078e+00
5.500973701477050781e+00
5.469494342803955078e+00
5.739300727844238281e+00
5.393465995788574219e+00
6.469136238098144531e+00
5.822488784790039062e+00
4.878572940826416016e+00
4.401853561401367188e+00
6.105053424835205078e+00
5.580648899078369141e+00
6.650208473205566406e+00
5.410543441772460938e+00
5.970742225646972656e+00
5.615187644958496094e+00
4.857987880706787109e+00
5.898469924926757812e+00
4.603115558624267578e+00
4.918751716613769531e+00
5.095052719116210938e+00
4.841130256652832031e+00
4.979486942291259766e+00
5.108626365661621094e+00
4.919306755065917969e+00
5.186737060546875000e+00
5.380514621734619141e+00
7.635089397430419922e+00
4.692913055419921875e+00
5.445967674255371094e+00
6.073595523834228516e+00
5.647397041320800781e+00
4.556643486022949219e+00
5.931295394897460938e+00
5.759968280792236328e+00
5.849089145660400391e+00
5.841333389282226562e+00
5.024454593658447266e+00
4.686616420745849609e+00
5.876473903656005859e+00
5.468557357788085938e+00
4.837915420532226562e+00
5.434312343597412109e+00
5.599213600158691406e+00
5.385957241058349609e+00
6.337517261505126953e+00
5.106842517852783203e+00
6.104715347290039062e+00
4.785164833068847656e+00
5.612504482269287109e+00
4.573160648345947266e+00
5.368879318237304688e+00
4.775765419006347656e+00
5.902573585510253906e+00
5.678529739379882812e+00
5.143667221069335938e+00
5.963941574096679688e+00
4.960840702056884766e+00
5.350423812866210938e+00
5.037661552429199219e+00
5.240466594696044922e+00
4.922811031341552734e+00
5.939930915832519531e+00
5.630753993988037109e+00
4.621452808380126953e+00
6.894234657287597656e+00
4.904566287994384766e+00
4.931056022644042969e+00
4.646084308624267578e+00
5.440721988677978516e+00
5.516317367553710938e+00
5.169321060180664062e+00
5.213928699493408203e+00
5.909625530242919922e+00
5.541940212249755859e+00
4.547148227691650391e+00
4.734505653381347656e+00
5.987497329711914062e+00
5.173845767974853516e+00
4.952374458312988281e+00
5.482673645019531250e+00
5.438969135284423828e+00
5.610085010528564453e+00
4.307561397552490234e+00
4.620378971099853516e+00
5.086113929748535156e+00
6.425518035888671875e+00
6.303894042968750000e+00
5.117856979370117188e+00
4.777565956115722656e+00
5.129150390625000000e+00
6.217005729675292969e+00
5.309445381164550781e+00
4.597234249114990234e+00
4.771132469177246094e+00
5.796567916870117188e+00
4.462329387664794922e+00
5.022981166839599609e+00
5.659327507019042969e+00
5.199026584625244141e+00
6.096085548400878906e+00
5.156803131103515625e+00
4.957553863525390625e+00
5.085991859436035156e+00
5.634680747985839844e+00
4.738648891448974609e+00
5.048596382141113281e+00
4.874619960784912109e+00
5.265903949737548828e+00
5.390665054321289062e+00
5.377989768981933594e+00
5.371566295623779297e+00
5.690773963928222656e+00
5.260681629180908203e+00
4.995759487152099609e+00
5.877452850341796875e+00
4.172923088073730469e+00
4.887245655059814453e+00
5.163288593292236328e+00
4.914895057678222656e+00
5.346859455108642578e+00
5.381349086761474609e+00
5.369661331176757812e+00
6.247177600860595703e+00
5.187926292419433594e+00
4.576992511749267578e+00
5.516718864440917969e+00
5.700908660888671875e+00
4.764235496520996094e+00
5.571124076843261719e+00
5.965574741363525391e+00
5.212769985198974609e+00
5.296226501464843750e+00
4.859226226806640625e+00
5.016167640686035156e+00
5.109110832214355469e+00
4.281332969665527344e+00
4.945548057556152344e+00
6.085656642913818359e+00
4.815088748931884766e+00
4.448122024536132812e+00
5.904291629791259766e+00
4.683508396148681641e+00
5.574691295623779297e+00
5.230983734130859375e+00
5.234590530395507812e+00
5.062130928039550781e+00
4.350043773651123047e+00
4.053349971771240234e+00
7.537777423858642578e+00
6.016798496246337891e+00
5.028923034667968750e+00
3.905550241470336914e+00
5.843085289001464844e+00
5.694656372070312500e+00
4.579351425170898438e+00
5.577097892761230469e+00
5.187421798706054688e+00
5.181368350982666016e+00
7.437249183654785156e+00
5.932139396667480469e+00
5.359550476074218750e+00
4.806271553039550781e+00
5.230531692504882812e+00
5.345050811767578125e+00
4.903145790100097656e+00
8.617482185363769531e+00
4.594080924987792969e+00
5.108464241027832031e+00
5.938076496124267578e+00
5.492531299591064453e+00
4.246873378753662109e+00
5.146009922027587891e+00
4.963129043579101562e+00
4.629563331604003906e+00
5.702524662017822266e+00
5.924979209899902344e+00
5.939537525177001953e+00
4.211697101593017578e+00
4.613924980163574219e+00
4.966193675994873047e+00
4.986250877380371094e+00
4.286157608032226562e+00
5.361794948577880859e+00
5.536108016967773438e+00
5.624363422393798828e+00
6.533883094787597656e+00
5.251294136047363281e+00
5.015191078186035156e+00
6.483571529388427734e+00
6.016171455383300781e+00
5.685558795928955078e+00
5.179273605346679688e+00
5.035504817962646484e+00
5.055395126342773438e+00
5.870855808258056641e+00
5.568172454833984375e+00
5.514091014862060547e+00
5.952327728271484375e+00
5.263167858123779297e+00
5.095494270324707031e+00
5.774353504180908203e+00
6.004086017608642578e+00
4.217118740081787109e+00
5.581941604614257812e+00
5.442302227020263672e+00
6.187095642089843750e+00
6.171101093292236328e+00
5.679466724395751953e+00
5.379141807556152344e+00
6.166402816772460938e+00
5.797933101654052734e+00
4.944645881652832031e+00
5.181813716888427734e+00
4.770567417144775391e+00
5.660635471343994141e+00
5.364486217498779297e+00
5.559419631958007812e+00
5.313755989074707031e+00
5.547596931457519531e+00
5.893001079559326172e+00
4.609020233154296875e+00
5.392226696014404297e+00
5.317312240600585938e+00
5.678400039672851562e+00
4.153234481811523438e+00
4.929103374481201172e+00
4.385746479034423828e+00
4.289373874664306641e+00
5.233897686004638672e+00
5.631299495697021484e+00
6.603423595428466797e+00
5.255065917968750000e+00
4.721164703369140625e+00
5.966940879821777344e+00
5.297612190246582031e+00
5.416025638580322266e+00
5.507763862609863281e+00
7.521685123443603516e+00
5.304279327392578125e+00
5.004884243011474609e+00
5.448064804077148438e+00
5.042944908142089844e+00
7.232424736022949219e+00
4.691539764404296875e+00
5.108431816101074219e+00
6.075183391571044922e+00
6.080637454986572266e+00
4.336557865142822266e+00
6.097949504852294922e+00
5.144037723541259766e+00
5.743151187896728516e+00
5.341615676879882812e+00
4.818292140960693359e+00
5.809687137603759766e+00
5.282251358032226562e+00
5.087629795074462891e+00
5.134438991546630859e+00
5.388338565826416016e+00
5.317453384399414062e+00
5.951380729675292969e+00
5.507639884948730469e+00
5.361536979675292969e+00
5.046057224273681641e+00
4.294393062591552734e+00
6.165225028991699219e+00
4.503425598144531250e+00
5.857119560241699219e+00
4.648505687713623047e+00
5.841928005218505859e+00
5.844810485839843750e+00
5.431431770324707031e+00
5.464133262634277344e+00
6.248565673828125000e+00
4.676776885986328125e+00
5.098197937011718750e+00
5.414524078369140625e+00
6.875234603881835938e+00
5.775217056274414062e+00
6.884150505065917969e+00
5.000259876251220703e+00
5.132989406585693359e+00
5.792192459106445312e+00
7.061604499816894531e+00
4.855077743530273438e+00
5.528923988342285156e+00
5.373439311981201172e+00
4.486251354217529297e+00
4.707123756408691406e+00
5.082876682281494141e+00
5.548475265502929688e+00
4.910930633544921875e+00
4.826392650604248047e+00
5.371873855590820312e+00
5.790904998779296875e+00
4.576698780059814453e+00
5.956421852111816406e+00
5.597056388854980469e+00
4.987588882446289062e+00
5.362349987030029297e+00
5.471527099609375000e+00
5.562145233154296875e+00
5.182364940643310547e+00
5.746001243591308594e+00
5.145045757293701172e+00
5.490734100341796875e+00
4.955003261566162109e+00
4.976243972778320312e+00
4.966567516326904297e+00
6.028707981109619141e+00
6.068580627441406250e+00
4.860796451568603516e+00
5.314071178436279297e+00
6.238919258117675781e+00
6.238634586334228516e+00
5.057306289672851562e+00
5.701234817504882812e+00
4.364610195159912109e+00
5.511382579803466797e+00
5.019800186157226562e+00
5.761586189270019531e+00
4.138080596923828125e+00
6.018486022949218750e+00
5.852067470550537109e+00
5.288063526153564453e+00
5.049670696258544922e+00
5.551228523254394531e+00
5.958028793334960938e+00
6.237293720245361328e+00
5.356354713439941406e+00
6.372635841369628906e+00
5.489603519439697266e+00
5.738675117492675781e+00
5.299817085266113281e+00
4.779931545257568359e+00
6.454230308532714844e+00
4.956568241119384766e+00
5.084953784942626953e+00
5.561360836029052734e+00
4.261703491210937500e+00
5.052058219909667969e+00
5.601606369018554688e+00
6.021725654602050781e+00
5.824674606323242188e+00
5.257491588592529297e+00
5.415502071380615234e+00
5.160790920257568359e+00
5.997156143188476562e+00
5.594532489776611328e+00
5.892139434814453125e+00
5.346466541290283203e+00
6.347221851348876953e+00
5.814879417419433594e+00
5.620048999786376953e+00
5.841722488403320312e+00
5.405621528625488281e+00
7.098615646362304688e+00
5.991339683532714844e+00
5.157183647155761719e+00
5.576907634735107422e+00
6.553516864776611328e+00
8.744467735290527344e+00
4.411199092864990234e+00
5.665499687194824219e+00
5.144547939300537109e+00
5.396584510803222656e+00
4.728646755218505859e+00
7.210885047912597656e+00
6.539042949676513672e+00
5.862896442413330078e+00
5.035927295684814453e+00
6.034771919250488281e+00
4.773495674133300781e+00
5.212366104125976562e+00
4.431058883666992188e+00
3.979482889175415039e+00
5.862958431243896484e+00
5.241249084472656250e+00
5.955543041229248047e+00
5.112918376922607422e+00
6.231099605560302734e+00
4.947028160095214844e+00
5.230912685394287109e+00
5.325140476226806641e+00
6.373037815093994141e+00
5.936977863311767578e+00
5.393473625183105469e+00
5.780287742614746094e+00
6.016495704650878906e+00
5.210441589355468750e+00
6.652448654174804688e+00
5.089286804199218750e+00
5.234248638153076172e+00
5.297964096069335938e+00
5.002983570098876953e+00
5.170060634613037109e+00
4.881200790405273438e+00
5.556168079376220703e+00
5.912021160125732422e+00
5.000086307525634766e+00
4.575629711151123047e+00
5.860900878906250000e+00
5.605443954467773438e+00
5.967422008514404297e+00
4.213696479797363281e+00
5.079263210296630859e+00
5.142551898956298828e+00
6.317600250244140625e+00
5.315932273864746094e+00
4.964255332946777344e+00
5.419201374053955078e+00
5.952425003051757812e+00
6.274847984313964844e+00
6.303615570068359375e+00
5.051569938659667969e+00
5.060308456420898438e+00
4.439730167388916016e+00
4.502136230468750000e+00
5.363539218902587891e+00
5.190025329589843750e+00
5.252581596374511719e+00
8.113492965698242188e+00
5.908627510070800781e+00
6.832024574279785156e+00
4.766719818115234375e+00
6.745862483978271484e+00
5.411040306091308594e+00
4.690486431121826172e+00
5.411517143249511719e+00
5.827130317687988281e+00
4.552723884582519531e+00
4.429551124572753906e+00
4.373558998107910156e+00
4.411823272705078125e+00
6.856280326843261719e+00
5.363268852233886719e+00
5.140030860900878906e+00
4.433410167694091797e+00
6.145601749420166016e+00
5.082854270935058594e+00
6.064858913421630859e+00
5.763932704925537109e+00
4.323762893676757812e+00
6.936589241027832031e+00
5.876201629638671875e+00
4.901262760162353516e+00
5.390643596649169922e+00
5.215651988983154297e+00
5.827606678009033203e+00
5.991255283355712891e+00
4.916106224060058594e+00
5.471844673156738281e+00
7.841907501220703125e+00
5.853895187377929688e+00
4.981692790985107422e+00
4.402756690979003906e+00
5.561817169189453125e+00
4.897775173187255859e+00
5.243162155151367188e+00
4.686724185943603516e+00
5.343769550323486328e+00
4.806274890899658203e+00
5.177804946899414062e+00
5.048756122589111328e+00
5.202461242675781250e+00
4.516603469848632812e+00
5.009386539459228516e+00
4.623261928558349609e+00
6.962934494018554688e+00
6.289107799530029297e+00
6.219455718994140625e+00
4.748742103576660156e+00
5.253544807434082031e+00
3.985303878784179688e+00
5.808611392974853516e+00
5.123060703277587891e+00
5.418472766876220703e+00
5.172474384307861328e+00
6.789025306701660156e+00
5.522860050201416016e+00
4.972733974456787109e+00
4.744073867797851562e+00
6.049669742584228516e+00
5.132077217102050781e+00
5.883545875549316406e+00
5.672806739807128906e+00
5.108240604400634766e+00
6.034555435180664062e+00
5.436335563659667969e+00
5.724867820739746094e+00
6.243779659271240234e+00
4.907294273376464844e+00
5.181061267852783203e+00
5.301086425781250000e+00
4.841191291809082031e+00
5.506207466125488281e+00
5.274083137512207031e+00
4.898243427276611328e+00
5.142456531524658203e+00
6.591066360473632812e+00
7.027776241302490234e+00
5.189268589019775391e+00
5.413072586059570312e+00
5.378170967102050781e+00
7.390211105346679688e+00
6.168846607208251953e+00
5.901174545288085938e+00
5.809649467468261719e+00
5.331670284271240234e+00
4.862714290618896484e+00
5.265591621398925781e+00
5.059314727783203125e+00
4.575635433197021484e+00
5.882637023925781250e+00
5.112059593200683594e+00
5.780374526977539062e+00
5.243621826171875000e+00
5.843581199645996094e+00
7.311238288879394531e+00
5.060119628906250000e+00
4.321305274963378906e+00
6.483671188354492188e+00
5.282899379730224609e+00
6.233778476715087891e+00
5.591878890991210938e+00
6.329607009887695312e+00
6.495207309722900391e+00
5.387454986572265625e+00
6.077606201171875000e+00
5.491623878479003906e+00
6.406878948211669922e+00
4.747438907623291016e+00
5.538589954376220703e+00
4.984685420989990234e+00
4.658767223358154297e+00
5.994522571563720703e+00
4.594551563262939453e+00
5.603894233703613281e+00
5.518529891967773438e+00
5.980261802673339844e+00
6.502445697784423828e+00
5.156079292297363281e+00
6.291657447814941406e+00
4.700939178466796875e+00
4.906209945678710938e+00
5.632975578308105469e+00
5.385937213897705078e+00
5.490444183349609375e+00
5.470753669738769531e+00
4.687760353088378906e+00
5.177700519561767578e+00
4.131302833557128906e+00
5.897284984588623047e+00
4.958043098449707031e+00
5.846692085266113281e+00
4.983112335205078125e+00
5.358118057250976562e+00
5.920553207397460938e+00
5.960550308227539062e+00
5.181037425994873047e+00
4.855766296386718750e+00
4.428773880004882812e+00
5.202691555023193359e+00
6.215894699096679688e+00
5.725745201110839844e+00
5.707221984863281250e+00
4.058005809783935547e+00
5.618305683135986328e+00
5.268485069274902344e+00
5.574701786041259766e+00
5.214836597442626953e+00
4.603905677795410156e+00
5.100511074066162109e+00
6.033566951751708984e+00
5.643249511718750000e+00
5.245575428009033203e+00
5.387266159057617188e+00
5.205353736877441406e+00
5.234330654144287109e+00
5.266182899475097656e+00
5.034424781799316406e+00
5.130375862121582031e+00
6.130899906158447266e+00
5.810141086578369141e+00
5.543994426727294922e+00
5.141145706176757812e+00
4.702868938446044922e+00
5.174482822418212891e+00
4.697969436645507812e+00
4.348364830017089844e+00
5.863527297973632812e+00
4.378512859344482422e+00
5.492114067077636719e+00
5.470071792602539062e+00
5.483458995819091797e+00
5.370313644409179688e+00
5.209124088287353516e+00
5.098419189453125000e+00
4.549839973449707031e+00
4.448836803436279297e+00
5.953222274780273438e+00
4.547065734863281250e+00
5.475487232208251953e+00
5.344887733459472656e+00
6.223792076110839844e+00
4.849678993225097656e+00
4.730781078338623047e+00
5.807333469390869141e+00
6.105165481567382812e+00
5.932980060577392578e+00
5.477149963378906250e+00
6.370730876922607422e+00
4.857900619506835938e+00
5.942721366882324219e+00
6.741502285003662109e+00
5.404251575469970703e+00
6.243601799011230469e+00
6.034337520599365234e+00
4.530375957489013672e+00
4.418925285339355469e+00
5.139134883880615234e+00
5.626137733459472656e+00
5.132262706756591797e+00
5.903748989105224609e+00
5.872044086456298828e+00
7.046317577362060547e+00
5.142325878143310547e+00
4.631295204162597656e+00
5.326061725616455078e+00
5.906478881835937500e+00
4.704095840454101562e+00
7.182087421417236328e+00
5.290590286254882812e+00
6.806008338928222656e+00
5.685316562652587891e+00
6.307691574096679688e+00
5.379638195037841797e+00
5.238642215728759766e+00
5.151657104492187500e+00
6.119869709014892578e+00
5.237908840179443359e+00
4.892187595367431641e+00
5.078823089599609375e+00
4.586570262908935547e+00
4.580658912658691406e+00
6.033555984497070312e+00
4.913964271545410156e+00
5.363409042358398438e+00
5.395725727081298828e+00
5.488923072814941406e+00
4.812665462493896484e+00
5.341586112976074219e+00
6.295207500457763672e+00
5.376973152160644531e+00
5.720318794250488281e+00
5.058396339416503906e+00
5.804253578186035156e+00
4.681794643402099609e+00
5.165772914886474609e+00
5.410401344299316406e+00
7.659276962280273438e+00
5.134256839752197266e+00
5.571962356567382812e+00
5.758648872375488281e+00
6.122974395751953125e+00
5.731526374816894531e+00
4.650483608245849609e+00
5.589610099792480469e+00
5.709210872650146484e+00
4.402704238891601562e+00
4.754096508026123047e+00
5.017418384552001953e+00
5.009112834930419922e+00
5.677470684051513672e+00
5.986258506774902344e+00
5.578084945678710938e+00
5.684678077697753906e+00
5.624889850616455078e+00
5.733463764190673828e+00
5.064503192901611328e+00
5.361084938049316406e+00
5.566898822784423828e+00
6.394022941589355469e+00
5.376116275787353516e+00
5.536001682281494141e+00
4.492401123046875000e+00
4.830732345581054688e+00
5.027448654174804688e+00
6.225449562072753906e+00
5.449806690216064453e+00
5.461567878723144531e+00
4.448167324066162109e+00
6.154474258422851562e+00
6.796081542968750000e+00
5.035389900207519531e+00
5.094320774078369141e+00
7.067153930664062500e+00
4.677195549011230469e+00
4.590909957885742188e+00
4.965871334075927734e+00
5.959814071655273438e+00
5.082077503204345703e+00
5.048618316650390625e+00
5.678826808929443359e+00
5.244626522064208984e+00
5.884549140930175781e+00
4.882803440093994141e+00
4.842437744140625000e+00
5.718749046325683594e+00
4.521527767181396484e+00
5.481535911560058594e+00
5.437963485717773438e+00
4.990062713623046875e+00
5.242331981658935547e+00
5.539539813995361328e+00
5.595508575439453125e+00
5.429639816284179688e+00
5.525575637817382812e+00
5.437422275543212891e+00
5.026279926300048828e+00
5.577787399291992188e+00
5.195352077484130859e+00
5.662966728210449219e+00
5.493510723114013672e+00
7.293575286865234375e+00
5.053657531738281250e+00
6.571983814239501953e+00
6.082546234130859375e+00
4.655269622802734375e+00
6.618036270141601562e+00
6.300657272338867188e+00
5.553712368011474609e+00
6.410715579986572266e+00
4.589737415313720703e+00
5.554401397705078125e+00
4.925109863281250000e+00
5.642487049102783203e+00
5.508252620697021484e+00
6.146189212799072266e+00
5.147938251495361328e+00
7.960631370544433594e+00
4.725496292114257812e+00
4.749541282653808594e+00
6.445303916931152344e+00
5.961441516876220703e+00
5.207451343536376953e+00
5.615086078643798828e+00
6.093047618865966797e+00
5.953947544097900391e+00
6.410190105438232422e+00
5.315022468566894531e+00
5.664013862609863281e+00
5.330919742584228516e+00
4.240372180938720703e+00
5.915118217468261719e+00
5.423997402191162109e+00
4.658899784088134766e+00
5.830451011657714844e+00
6.002449035644531250e+00
6.031366348266601562e+00
6.557093620300292969e+00
5.334761142730712891e+00
5.339155197143554688e+00
4.212296009063720703e+00
4.238889217376708984e+00
6.196768760681152344e+00
5.032711982727050781e+00
5.854010581970214844e+00
5.262547492980957031e+00
5.998293399810791016e+00
4.429222106933593750e+00
4.716373443603515625e+00
5.336647510528564453e+00
7.716110229492187500e+00
6.109328269958496094e+00
5.212559223175048828e+00
5.853844165802001953e+00
4.656709194183349609e+00
4.776166915893554688e+00
6.845786094665527344e+00
4.584253311157226562e+00
5.351971626281738281e+00
5.816260814666748047e+00
4.587793827056884766e+00
7.078994274139404297e+00
4.435135364532470703e+00
4.586151599884033203e+00
5.161425590515136719e+00
5.646357536315917969e+00
4.725016593933105469e+00
5.720891475677490234e+00
5.775001049041748047e+00
5.262430667877197266e+00
5.050245761871337891e+00
5.616188049316406250e+00
4.834283351898193359e+00
6.358825683593750000e+00
5.546329975128173828e+00
4.525730609893798828e+00
5.669878005981445312e+00
5.031770229339599609e+00
5.099199295043945312e+00
5.335438251495361328e+00
5.302004337310791016e+00
5.556809902191162109e+00
5.716925621032714844e+00
5.019416332244873047e+00
5.741492271423339844e+00
5.072969436645507812e+00
5.027307510375976562e+00
5.624087810516357422e+00
6.225835800170898438e+00
5.480694293975830078e+00
4.763183593750000000e+00
4.591500759124755859e+00
5.063861370086669922e+00
5.477046012878417969e+00
5.296189308166503906e+00
6.451013565063476562e+00
5.190849781036376953e+00
5.745561122894287109e+00
4.377363681793212891e+00
6.543229103088378906e+00
5.196286201477050781e+00
4.911515712738037109e+00
4.890747547149658203e+00
5.645864486694335938e+00
5.316054344177246094e+00
5.640322685241699219e+00
5.323969841003417969e+00
5.204470634460449219e+00
7.016475200653076172e+00
5.149363040924072266e+00
5.343430519104003906e+00
5.118004322052001953e+00
5.382873535156250000e+00
4.384650707244873047e+00
5.765212535858154297e+00
6.290647029876708984e+00
5.278917789459228516e+00
4.411656379699707031e+00
4.999623775482177734e+00
4.741734981536865234e+00
5.139629840850830078e+00
6.996415138244628906e+00
5.466414451599121094e+00
6.360493659973144531e+00
5.253006935119628906e+00
4.649659156799316406e+00
6.836024761199951172e+00
5.257844924926757812e+00
5.829127311706542969e+00
4.519443511962890625e+00
5.532269001007080078e+00
4.412239551544189453e+00
5.646830558776855469e+00
5.131701469421386719e+00
5.110657691955566406e+00
5.461359500885009766e+00
4.676641941070556641e+00
5.200888633728027344e+00
6.019035816192626953e+00
4.689816951751708984e+00
5.763673305511474609e+00
6.572624683380126953e+00
5.788037300109863281e+00
5.813669681549072266e+00
4.036449432373046875e+00
5.470922946929931641e+00
6.555369853973388672e+00
4.994396209716796875e+00
5.221456050872802734e+00
4.862177371978759766e+00
5.305202484130859375e+00
5.414854526519775391e+00
4.718680858612060547e+00
6.257187843322753906e+00
5.773657798767089844e+00
5.181099414825439453e+00
4.637671470642089844e+00
5.166150093078613281e+00
4.572679519653320312e+00
9.052813529968261719e+00
6.225574493408203125e+00
5.215766906738281250e+00
5.401151180267333984e+00
4.769951820373535156e+00
5.796687602996826172e+00
6.013658523559570312e+00
5.251335144042968750e+00
5.572915077209472656e+00
5.029627323150634766e+00
5.342226028442382812e+00
4.927043914794921875e+00
5.674342155456542969e+00
5.157003879547119141e+00
5.777215957641601562e+00
4.893967628479003906e+00
4.551074504852294922e+00
4.961354732513427734e+00
5.466053962707519531e+00
6.443790435791015625e+00
4.263695240020751953e+00
5.036005496978759766e+00
5.866032600402832031e+00
5.953675746917724609e+00
5.172127246856689453e+00
4.933410167694091797e+00
4.517613410949707031e+00
5.225852966308593750e+00
4.975945949554443359e+00
5.532472610473632812e+00
4.415665149688720703e+00
4.855524539947509766e+00
4.878217697143554688e+00
5.182013511657714844e+00
7.071622371673583984e+00
4.587271213531494141e+00
4.647341728210449219e+00
4.442158222198486328e+00
5.688978672027587891e+00
4.989089012145996094e+00
5.240042686462402344e+00
5.777240753173828125e+00
5.424920558929443359e+00
6.356292247772216797e+00
5.004057407379150391e+00
4.858824253082275391e+00
4.672899723052978516e+00
4.383192539215087891e+00
6.336591243743896484e+00
5.230390548706054688e+00
4.631827354431152344e+00
5.444865703582763672e+00
4.847567558288574219e+00
4.752277374267578125e+00
4.697843074798583984e+00
4.378935813903808594e+00
5.656342506408691406e+00
5.665342807769775391e+00
6.513260841369628906e+00
4.969785690307617188e+00
5.103347778320312500e+00
5.573641777038574219e+00
5.389930248260498047e+00
5.370090007781982422e+00
5.695382118225097656e+00
4.771642208099365234e+00
7.156746864318847656e+00
5.375730037689208984e+00
4.912037372589111328e+00
5.515132904052734375e+00
5.071190834045410156e+00
7.932817459106445312e+00
5.448150157928466797e+00
5.289406776428222656e+00
4.677373886108398438e+00
5.330917358398437500e+00
5.434023380279541016e+00
5.824892997741699219e+00
4.835840702056884766e+00
5.360154151916503906e+00
4.643573284149169922e+00
5.066593170166015625e+00
4.344400882720947266e+00
6.936371803283691406e+00
5.297256469726562500e+00
4.932290554046630859e+00
5.689629554748535156e+00
6.362579822540283203e+00
5.202556610107421875e+00
6.093553066253662109e+00
6.164433479309082031e+00
5.241993904113769531e+00
6.107048988342285156e+00
5.237724781036376953e+00
5.556037902832031250e+00
5.359638690948486328e+00
5.576632976531982422e+00
5.196623802185058594e+00
5.143449783325195312e+00
4.718269348144531250e+00
4.948855876922607422e+00
5.659017086029052734e+00
4.759044170379638672e+00
4.961483478546142578e+00
6.666943550109863281e+00
5.052995204925537109e+00
5.044960021972656250e+00
5.257098197937011719e+00
5.126784324645996094e+00
4.491810798645019531e+00
6.053321838378906250e+00
5.818014621734619141e+00
5.351925849914550781e+00
4.415714263916015625e+00
7.534513473510742188e+00
5.232858180999755859e+00
4.338651657104492188e+00
5.346083164215087891e+00
4.903419494628906250e+00
5.810678958892822266e+00
4.944253921508789062e+00
5.256959438323974609e+00
4.694355964660644531e+00
4.908847332000732422e+00
5.148011207580566406e+00
4.732131481170654297e+00
5.901308059692382812e+00
5.066803932189941406e+00
5.678213119506835938e+00
4.575692653656005859e+00
4.663154602050781250e+00
6.052297115325927734e+00
4.940101623535156250e+00
5.268421173095703125e+00
5.239840984344482422e+00
6.159612655639648438e+00
5.485408306121826172e+00
4.448914051055908203e+00
5.571633338928222656e+00
5.104234695434570312e+00
5.810810089111328125e+00
6.426708221435546875e+00
4.839732170104980469e+00
6.050191879272460938e+00
5.078782081604003906e+00
5.569115638732910156e+00
6.317659378051757812e+00
5.908018112182617188e+00
5.566288948059082031e+00
5.752966880798339844e+00
5.749417781829833984e+00
4.696376800537109375e+00
6.116531372070312500e+00
5.354601860046386719e+00
5.438110351562500000e+00
6.076482295989990234e+00
4.786666870117187500e+00
5.403112411499023438e+00
4.984212875366210938e+00
6.157128334045410156e+00
5.373563766479492188e+00
5.009130477905273438e+00
5.752821445465087891e+00
5.645812511444091797e+00
6.222434520721435547e+00
4.855766296386718750e+00
5.055760860443115234e+00
4.970767021179199219e+00
5.734520435333251953e+00
6.595033645629882812e+00
4.430904388427734375e+00
4.862563133239746094e+00
5.936049461364746094e+00
5.117847919464111328e+00
5.361422061920166016e+00
5.671811103820800781e+00
5.127781867980957031e+00
6.797079086303710938e+00
5.556428909301757812e+00
5.460659027099609375e+00
6.945457935333251953e+00
4.573472499847412109e+00
5.289521694183349609e+00
5.350495338439941406e+00
5.627015113830566406e+00
5.246269226074218750e+00
5.521210670471191406e+00
5.785995483398437500e+00
5.845090389251708984e+00
4.928410053253173828e+00
5.433599472045898438e+00
5.340732574462890625e+00
4.836660861968994141e+00
5.261337280273437500e+00
5.457943439483642578e+00
6.207737922668457031e+00
4.909333229064941406e+00
5.641685009002685547e+00
6.379669666290283203e+00
4.987379550933837891e+00
5.953334808349609375e+00
4.812524795532226562e+00
6.840398788452148438e+00
4.741353511810302734e+00
6.374895095825195312e+00
4.913056373596191406e+00
5.692229270935058594e+00
5.205315589904785156e+00
6.463751316070556641e+00
4.261407852172851562e+00
5.405750751495361328e+00
5.058331966400146484e+00
4.487684249877929688e+00
5.647895336151123047e+00
4.760811805725097656e+00
5.058271884918212891e+00
5.341350078582763672e+00
4.295055389404296875e+00
5.445217609405517578e+00
7.083042144775390625e+00
5.749709129333496094e+00
5.944470405578613281e+00
6.198788642883300781e+00
4.837803840637207031e+00
7.186987876892089844e+00
5.964903831481933594e+00
5.420635223388671875e+00
5.486039161682128906e+00
5.835676193237304688e+00
5.398107528686523438e+00
6.134284019470214844e+00
4.799263477325439453e+00
5.289351463317871094e+00
6.170678138732910156e+00
5.353089332580566406e+00
7.085859775543212891e+00
4.865703582763671875e+00
5.179501533508300781e+00
5.265769004821777344e+00
5.737894535064697266e+00
6.563690185546875000e+00
5.890373706817626953e+00
5.313720226287841797e+00
6.462668895721435547e+00
5.281370162963867188e+00
5.688829421997070312e+00
4.836194992065429688e+00
5.090194225311279297e+00
5.735293388366699219e+00
6.140614032745361328e+00
5.220754623413085938e+00
5.160315513610839844e+00
6.283069610595703125e+00
5.689317703247070312e+00
6.402559280395507812e+00
4.844797611236572266e+00
5.796704292297363281e+00
4.176760673522949219e+00
4.940376758575439453e+00
4.556310653686523438e+00
5.631361484527587891e+00
6.574873924255371094e+00
5.908730030059814453e+00
6.057221412658691406e+00
5.418049335479736328e+00
6.284806251525878906e+00
5.616921901702880859e+00
5.062059879302978516e+00
4.167903900146484375e+00
5.562302589416503906e+00
5.578040122985839844e+00
5.139643192291259766e+00
4.418624877929687500e+00
5.444861412048339844e+00
5.694455623626708984e+00
5.267827987670898438e+00
5.345060348510742188e+00
5.520112991333007812e+00
5.432714939117431641e+00
4.837580680847167969e+00
4.997770309448242188e+00
5.371965885162353516e+00
6.107307434082031250e+00
5.390760421752929688e+00
5.409855842590332031e+00
4.989680767059326172e+00
5.517975807189941406e+00
4.414772033691406250e+00
4.747138500213623047e+00
5.228583335876464844e+00
4.871120452880859375e+00
4.984102725982666016e+00
4.604449748992919922e+00
5.486968517303466797e+00
6.976475238800048828e+00
6.291271209716796875e+00
5.238105773925781250e+00
4.735409259796142578e+00
5.097209453582763672e+00
4.709385395050048828e+00
5.761456489562988281e+00
4.620777130126953125e+00
5.275554656982421875e+00
5.007732868194580078e+00
5.533915996551513672e+00
4.911014556884765625e+00
5.052986145019531250e+00
4.810031414031982422e+00
5.924329757690429688e+00
5.173108577728271484e+00
4.419362068176269531e+00
5.944773197174072266e+00
5.524519920349121094e+00
5.956023216247558594e+00
5.665197849273681641e+00
5.449094772338867188e+00
5.114086151123046875e+00
3.585982084274291992e+00
6.267482757568359375e+00
4.747684478759765625e+00
6.915664196014404297e+00
5.815393447875976562e+00
5.462134361267089844e+00
5.710940361022949219e+00
5.083011627197265625e+00
4.853817462921142578e+00
4.901378154754638672e+00
5.290142536163330078e+00
4.282133102416992188e+00
5.418074607849121094e+00
5.908075332641601562e+00
5.247514247894287109e+00
5.855226039886474609e+00
5.680801868438720703e+00
4.496686458587646484e+00
5.630377769470214844e+00
4.938877105712890625e+00
4.666636943817138672e+00
4.559751033782958984e+00
5.674551963806152344e+00
5.504076957702636719e+00
5.719715595245361328e+00
7.132252216339111328e+00
4.662597179412841797e+00
4.992752075195312500e+00
6.064972400665283203e+00
4.560064792633056641e+00
5.776309013366699219e+00
5.091268539428710938e+00
4.705590724945068359e+00
5.100800037384033203e+00
7.542972564697265625e+00
4.923070430755615234e+00
5.623013496398925781e+00
6.295916080474853516e+00
4.986137866973876953e+00
4.991448402404785156e+00
5.631670951843261719e+00
5.809714317321777344e+00
4.928269863128662109e+00
5.270085811614990234e+00
5.561592578887939453e+00
5.374419689178466797e+00
4.903568267822265625e+00
4.697664260864257812e+00
6.625016212463378906e+00
5.324859142303466797e+00
5.906744956970214844e+00
4.068924427032470703e+00
5.039082050323486328e+00
5.313573837280273438e+00
4.504168510437011719e+00
4.152098178863525391e+00
4.973118782043457031e+00
4.390723228454589844e+00
6.180970668792724609e+00
5.296591758728027344e+00
5.135503292083740234e+00
4.828835010528564453e+00
5.980462074279785156e+00
5.456565856933593750e+00
5.216412544250488281e+00
5.003528118133544922e+00
5.193539142608642578e+00
6.044186592102050781e+00
4.979351997375488281e+00
4.421585559844970703e+00
5.192811012268066406e+00
4.900931358337402344e+00
5.406692504882812500e+00
5.471171855926513672e+00
5.200108051300048828e+00
4.912555217742919922e+00
5.227920055389404297e+00
5.259268283843994141e+00
4.355540275573730469e+00
5.722522258758544922e+00
5.172533035278320312e+00
5.635590076446533203e+00
5.241932868957519531e+00
5.412091732025146484e+00
5.702206134796142578e+00
5.149140357971191406e+00
5.412942409515380859e+00
4.841265201568603516e+00
6.377100944519042969e+00
5.825116157531738281e+00
5.532734870910644531e+00
5.187644004821777344e+00
5.227162361145019531e+00
6.346207618713378906e+00
4.393687248229980469e+00
3.907777786254882812e+00
5.846747875213623047e+00
6.300810813903808594e+00
5.932321548461914062e+00
6.208175659179687500e+00
4.849672317504882812e+00
4.411273002624511719e+00
5.614687919616699219e+00
5.629167079925537109e+00
5.671555519104003906e+00
5.587083339691162109e+00
5.468239307403564453e+00
4.888406276702880859e+00
5.516156673431396484e+00
5.508509159088134766e+00
6.652327537536621094e+00
4.694428920745849609e+00
5.140353202819824219e+00
5.340983390808105469e+00
5.769933700561523438e+00
5.236894607543945312e+00
4.696379184722900391e+00
5.042962074279785156e+00
4.923119068145751953e+00
4.994628429412841797e+00
5.312004566192626953e+00
4.947940826416015625e+00
6.145502090454101562e+00
5.193546295166015625e+00
5.221311569213867188e+00
5.333479881286621094e+00
5.898240089416503906e+00
4.635545253753662109e+00
5.901513099670410156e+00
5.987975120544433594e+00
6.179034233093261719e+00
4.279403209686279297e+00
4.642033100128173828e+00
6.348043441772460938e+00
4.214964866638183594e+00
4.869698047637939453e+00
4.417274951934814453e+00
5.092678546905517578e+00
4.918695926666259766e+00
4.969521522521972656e+00
4.775859355926513672e+00
4.758789062500000000e+00
4.919456481933593750e+00
5.239642620086669922e+00
5.552265167236328125e+00
5.408147335052490234e+00
5.171250343322753906e+00
3.994253396987915039e+00
5.009689331054687500e+00
5.729440689086914062e+00
6.507519245147705078e+00
5.927031040191650391e+00
4.534912109375000000e+00
5.146540641784667969e+00
5.560814857482910156e+00
5.331692695617675781e+00
5.226197242736816406e+00
5.547120094299316406e+00
5.244404315948486328e+00
5.206235885620117188e+00
5.176988601684570312e+00
4.976933002471923828e+00
4.985170841217041016e+00
4.846659183502197266e+00
5.383662700653076172e+00
4.458352088928222656e+00
6.116250514984130859e+00
6.167155265808105469e+00
4.308218002319335938e+00
4.393748760223388672e+00
5.708735466003417969e+00
4.911437988281250000e+00
4.660962104797363281e+00
5.840154647827148438e+00
5.327881336212158203e+00
4.616183757781982422e+00
6.438400268554687500e+00
4.608383178710937500e+00
6.261842727661132812e+00
4.751609802246093750e+00
4.989498615264892578e+00
4.837810993194580078e+00
5.101125717163085938e+00
6.697761058807373047e+00
4.201786518096923828e+00
4.990752220153808594e+00
5.127016544342041016e+00
5.154864788055419922e+00
5.157744884490966797e+00
4.646101951599121094e+00
5.016931056976318359e+00
5.103964328765869141e+00
5.287507057189941406e+00
5.267874240875244141e+00
5.060392379760742188e+00
4.900399208068847656e+00
5.211671352386474609e+00
6.264966964721679688e+00
4.952270984649658203e+00
6.018793106079101562e+00
5.298423767089843750e+00
5.278298377990722656e+00
6.292725086212158203e+00
6.410131931304931641e+00
4.698426723480224609e+00
5.431011676788330078e+00
4.650174617767333984e+00
6.428360939025878906e+00
5.137850284576416016e+00
5.311996936798095703e+00
5.591906547546386719e+00
4.795061588287353516e+00
5.784791946411132812e+00
5.986865997314453125e+00
6.115714550018310547e+00
5.389734268188476562e+00
5.088014602661132812e+00
4.796174049377441406e+00
5.005910396575927734e+00
4.953783035278320312e+00
6.557329177856445312e+00
5.247975349426269531e+00
4.314958572387695312e+00
4.817036628723144531e+00
5.052985668182373047e+00
5.246129035949707031e+00
4.972276687622070312e+00
5.827635765075683594e+00
5.530848503112792969e+00
5.714385986328125000e+00
6.260260105133056641e+00
4.397093772888183594e+00
5.185317516326904297e+00
4.491853713989257812e+00
4.775696754455566406e+00
5.300038814544677734e+00
5.077013015747070312e+00
5.194643020629882812e+00
5.915070056915283203e+00
5.258641719818115234e+00
5.106326103210449219e+00
7.035342693328857422e+00
5.564738750457763672e+00
5.319111347198486328e+00
5.373059749603271484e+00
5.418111801147460938e+00
5.827917098999023438e+00
5.009565353393554688e+00
6.252888679504394531e+00
4.418234825134277344e+00
5.188228607177734375e+00
4.701374053955078125e+00
4.477895259857177734e+00
5.085191726684570312e+00
5.997212409973144531e+00
5.617931365966796875e+00
5.868499279022216797e+00
5.247846603393554688e+00
5.449686527252197266e+00
5.289494037628173828e+00
5.416791915893554688e+00
5.517796516418457031e+00
5.812397003173828125e+00
5.997125625610351562e+00
6.080080986022949219e+00
5.419608592987060547e+00
5.093785762786865234e+00
4.753096580505371094e+00
5.772617340087890625e+00
5.454888820648193359e+00
5.033803462982177734e+00
5.335047721862792969e+00
5.008566379547119141e+00
4.645897865295410156e+00
5.736234188079833984e+00
4.261912345886230469e+00
5.157758712768554688e+00
4.889935970306396484e+00
5.915335178375244141e+00
4.574546337127685547e+00
4.971693038940429688e+00
5.354048728942871094e+00
5.316304206848144531e+00
5.402257919311523438e+00
6.487456321716308594e+00
6.355629920959472656e+00
5.078457832336425781e+00
6.839010715484619141e+00
4.956840038299560547e+00
5.002160072326660156e+00
5.124234199523925781e+00
5.684198379516601562e+00
4.630329132080078125e+00
4.476344585418701172e+00
6.239559173583984375e+00
6.477399826049804688e+00
4.457600593566894531e+00
5.468486785888671875e+00
3.670515298843383789e+00
5.861283779144287109e+00
5.626523017883300781e+00
5.487706661224365234e+00
5.399188995361328125e+00
5.925952911376953125e+00
5.774536132812500000e+00
5.003259658813476562e+00
5.302386760711669922e+00
4.662035942077636719e+00
5.530119419097900391e+00
4.881109714508056641e+00
5.212929725646972656e+00
4.659626960754394531e+00
5.559914112091064453e+00
5.457994937896728516e+00
5.958717823028564453e+00
5.497399330139160156e+00
5.316082477569580078e+00
6.023769378662109375e+00
5.237976074218750000e+00
5.011501789093017578e+00
6.448210239410400391e+00
5.524408340454101562e+00
6.890189170837402344e+00
5.519224166870117188e+00
4.672702789306640625e+00
5.588614463806152344e+00
5.479765892028808594e+00
5.419751167297363281e+00
4.968462944030761719e+00
6.011138439178466797e+00
4.939389705657958984e+00
5.649904727935791016e+00
6.244564533233642578e+00
6.211143970489501953e+00
5.789411544799804688e+00
5.855439186096191406e+00
4.829077243804931641e+00
5.180186271667480469e+00
5.930421829223632812e+00
5.495790481567382812e+00
5.627499580383300781e+00
5.245106697082519531e+00
5.611900806427001953e+00
5.715891361236572266e+00
4.920578479766845703e+00
4.501007080078125000e+00
5.608057022094726562e+00
6.393352508544921875e+00
6.242099761962890625e+00
4.497291564941406250e+00
4.978553771972656250e+00
6.187284469604492188e+00
4.918385505676269531e+00
4.419553756713867188e+00
6.197458267211914062e+00
4.754520893096923828e+00
5.557199001312255859e+00
5.081775665283203125e+00
4.982532978057861328e+00
6.058929443359375000e+00
5.519089698791503906e+00
5.514468193054199219e+00
5.507631301879882812e+00
4.591715812683105469e+00
3.628638267517089844e+00
5.553963661193847656e+00
4.694547176361083984e+00
6.037595272064208984e+00
7.143184661865234375e+00
6.197584152221679688e+00
4.778024196624755859e+00
5.408913612365722656e+00
6.098374843597412109e+00
5.971308708190917969e+00
5.998651504516601562e+00
5.941295623779296875e+00
5.419095993041992188e+00
5.581452369689941406e+00
5.878301620483398438e+00
5.202122211456298828e+00
5.084191799163818359e+00
5.555934906005859375e+00
5.666960716247558594e+00
6.691207885742187500e+00
5.662365913391113281e+00
5.824795246124267578e+00
6.047006607055664062e+00
4.856759071350097656e+00
5.384122371673583984e+00
5.755231857299804688e+00
4.271240711212158203e+00
5.254883289337158203e+00
5.302422523498535156e+00
5.645719051361083984e+00
5.058423995971679688e+00
6.003976345062255859e+00
5.493523597717285156e+00
5.409681797027587891e+00
4.809391975402832031e+00
4.317984580993652344e+00
5.166494846343994141e+00
5.079826831817626953e+00
5.020443439483642578e+00
5.065840721130371094e+00
5.279777526855468750e+00
5.261462211608886719e+00
4.558956623077392578e+00
4.799847126007080078e+00
5.265707969665527344e+00
4.922356128692626953e+00
4.244318008422851562e+00
4.622483730316162109e+00
5.230845928192138672e+00
6.261434078216552734e+00
4.914721965789794922e+00
5.623738288879394531e+00
4.298049449920654297e+00
5.067237854003906250e+00
4.939794540405273438e+00
4.695801258087158203e+00
5.494455814361572266e+00
4.773087501525878906e+00
5.263471603393554688e+00
5.726900100708007812e+00
5.124908924102783203e+00
4.294239044189453125e+00
5.666600227355957031e+00
4.830253601074218750e+00
5.391340255737304688e+00
4.072969913482666016e+00
5.906112194061279297e+00
5.567693710327148438e+00
6.139371395111083984e+00
5.193864822387695312e+00
5.477300643920898438e+00
5.625703811645507812e+00
7.614399909973144531e+00
5.597993373870849609e+00
5.870537757873535156e+00
5.602000236511230469e+00
6.039269447326660156e+00
5.355185985565185547e+00
5.380427360534667969e+00
5.832804679870605469e+00
5.058173179626464844e+00
7.600820541381835938e+00
5.009601116180419922e+00
4.668332576751708984e+00
3.895488977432250977e+00
5.210593700408935547e+00
4.525005817413330078e+00
5.704518318176269531e+00
5.421257972717285156e+00
5.878588199615478516e+00
4.993159770965576172e+00
3.886719465255737305e+00
5.024023056030273438e+00
5.372067451477050781e+00
5.729522228240966797e+00
7.205602645874023438e+00
5.244401454925537109e+00
5.091217994689941406e+00
5.273949146270751953e+00
4.567278385162353516e+00
5.236644744873046875e+00
5.589684009552001953e+00
5.146749496459960938e+00
4.989902019500732422e+00
5.262392520904541016e+00
4.633844375610351562e+00
5.407985687255859375e+00
4.684338092803955078e+00
5.004425525665283203e+00
5.280725479125976562e+00
5.326470375061035156e+00
5.308808803558349609e+00
5.638848304748535156e+00
4.563343048095703125e+00
5.436456680297851562e+00
5.489194393157958984e+00
4.823823928833007812e+00
4.700737476348876953e+00
4.420569419860839844e+00
5.432916641235351562e+00
4.315503120422363281e+00
5.508155822753906250e+00
5.096107482910156250e+00
4.066600799560546875e+00
5.855527400970458984e+00
5.158675193786621094e+00
4.992725849151611328e+00
5.874864101409912109e+00
5.012742996215820312e+00
1.004637622833251953e+01
6.158668518066406250e+00
5.515282630920410156e+00
4.317832946777343750e+00
5.263407230377197266e+00
5.754045486450195312e+00
4.710682392120361328e+00
5.262187004089355469e+00
5.329161643981933594e+00
4.394211292266845703e+00
5.616157054901123047e+00
4.648395538330078125e+00
5.245988845825195312e+00
4.464076995849609375e+00
5.563346862792968750e+00
4.771839618682861328e+00
5.251691818237304688e+00
6.307874679565429688e+00
4.982881069183349609e+00
4.861108779907226562e+00
4.785133838653564453e+00
5.807077407836914062e+00
5.553126335144042969e+00
5.151764392852783203e+00
5.720120429992675781e+00
4.387734413146972656e+00
4.828235626220703125e+00
4.312361240386962891e+00
5.295306682586669922e+00
5.112226486206054688e+00
5.603756904602050781e+00
5.887707710266113281e+00
4.917720794677734375e+00
4.930866718292236328e+00
4.684952259063720703e+00
5.129286766052246094e+00
4.960856914520263672e+00
4.892090320587158203e+00
4.386641502380371094e+00
5.535084724426269531e+00
5.621081352233886719e+00
4.999869823455810547e+00
5.120484352111816406e+00
4.522721767425537109e+00
5.139412403106689453e+00
5.326105594635009766e+00
5.523261547088623047e+00
6.227585792541503906e+00
6.056760787963867188e+00
5.458560943603515625e+00
5.184133529663085938e+00
5.543436527252197266e+00
5.009041309356689453e+00
4.597952365875244141e+00
5.485530376434326172e+00
6.923125267028808594e+00
5.275768280029296875e+00
5.690885066986083984e+00
5.838670253753662109e+00
4.928984642028808594e+00
5.279452800750732422e+00
5.908143520355224609e+00
4.854316711425781250e+00
5.457931041717529297e+00
4.616523265838623047e+00
6.329691886901855469e+00
7.583939552307128906e+00
5.089241027832031250e+00
4.425127029418945312e+00
4.885740280151367188e+00
6.868558406829833984e+00
4.562945842742919922e+00
4.394180297851562500e+00
5.397954463958740234e+00
5.452571392059326172e+00
5.041398048400878906e+00
4.310011386871337891e+00
4.534484386444091797e+00
5.154758453369140625e+00
6.911719322204589844e+00
5.734579563140869141e+00
5.133300781250000000e+00
5.523069858551025391e+00
4.961905479431152344e+00
5.713370323181152344e+00
4.914048194885253906e+00
5.854753017425537109e+00
4.877757549285888672e+00
4.676871776580810547e+00
4.780798435211181641e+00
6.286149024963378906e+00
5.422155380249023438e+00
5.846781253814697266e+00
4.596713066101074219e+00
5.538766860961914062e+00
4.907188415527343750e+00
5.389759540557861328e+00
6.300548076629638672e+00
4.770333766937255859e+00
5.109019279479980469e+00
4.695906639099121094e+00
5.924994468688964844e+00
5.065942764282226562e+00
5.402835845947265625e+00
4.846933841705322266e+00
5.647183418273925781e+00
5.851206302642822266e+00
5.072925090789794922e+00
5.375082015991210938e+00
4.502417087554931641e+00
6.330020904541015625e+00
4.219594955444335938e+00
4.880641460418701172e+00
5.218177795410156250e+00
4.676080226898193359e+00
6.362718582153320312e+00
5.267255783081054688e+00
5.669718265533447266e+00
4.915811538696289062e+00
6.098630428314208984e+00
5.653699874877929688e+00
5.235074996948242188e+00
5.990142345428466797e+00
5.510633945465087891e+00
4.856025218963623047e+00
5.182937145233154297e+00
4.543444633483886719e+00
5.720202445983886719e+00
5.603497028350830078e+00
6.150445938110351562e+00
4.661047458648681641e+00
5.061122894287109375e+00
5.225049018859863281e+00
4.398604869842529297e+00
6.196888923645019531e+00
4.706118583679199219e+00
5.785113334655761719e+00
4.960198402404785156e+00
5.698616981506347656e+00
6.638980388641357422e+00
5.115185737609863281e+00
4.982235431671142578e+00
5.526646614074707031e+00
5.299132347106933594e+00
5.043756484985351562e+00
5.297486305236816406e+00
5.353571414947509766e+00
5.085963249206542969e+00
5.624764442443847656e+00
5.295169353485107422e+00
5.522530078887939453e+00
4.924940109252929688e+00
5.049635410308837891e+00
4.688887596130371094e+00
5.844770431518554688e+00
4.815814971923828125e+00
6.077872753143310547e+00
4.997545719146728516e+00
5.191353321075439453e+00
5.518346309661865234e+00
5.123004913330078125e+00
5.135798454284667969e+00
6.241314411163330078e+00
5.371898651123046875e+00
4.866616249084472656e+00
5.051796913146972656e+00
4.816518783569335938e+00
5.220024108886718750e+00
5.249416828155517578e+00
5.649588108062744141e+00
6.065179824829101562e+00
5.744732856750488281e+00
4.661908149719238281e+00
4.392933368682861328e+00
5.100423812866210938e+00
4.915913105010986328e+00
4.374919891357421875e+00
4.646132469177246094e+00
5.137701034545898438e+00
5.351142883300781250e+00
5.865224838256835938e+00
5.511659145355224609e+00
4.876341342926025391e+00
5.858523368835449219e+00
5.006538867950439453e+00
4.830081939697265625e+00
6.037002086639404297e+00
5.858944416046142578e+00
5.165398597717285156e+00
4.574957847595214844e+00
4.838163852691650391e+00
4.670981407165527344e+00
5.683913230895996094e+00
5.246434211730957031e+00
5.751173973083496094e+00
6.190849304199218750e+00
4.881913185119628906e+00
5.851850986480712891e+00
5.494069576263427734e+00
5.095968246459960938e+00
5.221828937530517578e+00
4.733966350555419922e+00
5.094592094421386719e+00
5.222787380218505859e+00
4.670660495758056641e+00
5.102749824523925781e+00
4.843008995056152344e+00
5.191129207611083984e+00
5.963631153106689453e+00
5.944124698638916016e+00
5.465597152709960938e+00
5.280181407928466797e+00
5.266565322875976562e+00
6.207367897033691406e+00
6.304853916168212891e+00
5.614958763122558594e+00
4.903393745422363281e+00
6.883572101593017578e+00
4.893475532531738281e+00
4.695914745330810547e+00
6.303941726684570312e+00
4.389820575714111328e+00
4.893045425415039062e+00
5.943618774414062500e+00
6.069482326507568359e+00
5.431862831115722656e+00
5.378496646881103516e+00
5.173105716705322266e+00
6.507973194122314453e+00
5.116898536682128906e+00
6.083229541778564453e+00
5.193317413330078125e+00
6.366114616394042969e+00
6.502695083618164062e+00
4.577841758728027344e+00
5.001174926757812500e+00
5.921489715576171875e+00
4.824177742004394531e+00
5.814398765563964844e+00
4.581731796264648438e+00
5.511981964111328125e+00
6.676477432250976562e+00
5.149968147277832031e+00
4.946899414062500000e+00
4.985509872436523438e+00
5.510374546051025391e+00
4.416611671447753906e+00
5.082698345184326172e+00
4.971370220184326172e+00
5.690658092498779297e+00
5.151646614074707031e+00
5.004941463470458984e+00
5.440846443176269531e+00
5.087828636169433594e+00
5.812982559204101562e+00
5.615317344665527344e+00
4.543520450592041016e+00
5.207689285278320312e+00
4.905380725860595703e+00
5.215790271759033203e+00
5.394386291503906250e+00
5.197465896606445312e+00
5.483969688415527344e+00
4.563144683837890625e+00
4.858370304107666016e+00
5.315723896026611328e+00
4.820241928100585938e+00
4.814777374267578125e+00
5.005339145660400391e+00
4.897223949432373047e+00
6.004800796508789062e+00
5.189792156219482422e+00
5.660064220428466797e+00
4.534085273742675781e+00
5.158833980560302734e+00
5.182632923126220703e+00
5.075969696044921875e+00
4.825669288635253906e+00
6.529628753662109375e+00
5.956445217132568359e+00
4.873359203338623047e+00
4.377473831176757812e+00
4.900742530822753906e+00
4.789713859558105469e+00
6.422486305236816406e+00
5.560474395751953125e+00
5.443737983703613281e+00
5.526695728302001953e+00
5.522389411926269531e+00
5.035917282104492188e+00
5.530155658721923828e+00
6.227830886840820312e+00
4.702413558959960938e+00
4.974210262298583984e+00
4.054584026336669922e+00
4.837822914123535156e+00
4.946400165557861328e+00
5.576921939849853516e+00
6.457889556884765625e+00
4.879015922546386719e+00
5.014414310455322266e+00
5.497668266296386719e+00
5.088178634643554688e+00
6.193900108337402344e+00
5.807468891143798828e+00
5.846695899963378906e+00
5.826612949371337891e+00
5.442795276641845703e+00
4.523714542388916016e+00
6.173975944519042969e+00
4.167557239532470703e+00
5.645029067993164062e+00
4.451428890228271484e+00
5.703334808349609375e+00
5.375812530517578125e+00
5.039459228515625000e+00
4.714815616607666016e+00
5.545865535736083984e+00
5.304055213928222656e+00
5.781040668487548828e+00
5.522922039031982422e+00
5.737142562866210938e+00
6.583351135253906250e+00
4.698360919952392578e+00
5.682565212249755859e+00
4.575552940368652344e+00
4.944957733154296875e+00
5.258138179779052734e+00
5.801398754119873047e+00
4.844488620758056641e+00
5.891787052154541016e+00
5.409039497375488281e+00
5.637833595275878906e+00
5.395089149475097656e+00
5.181788921356201172e+00
5.632506370544433594e+00
5.185172557830810547e+00
6.331382751464843750e+00
6.525311470031738281e+00
5.470387935638427734e+00
6.551850795745849609e+00
4.616962432861328125e+00
4.181531429290771484e+00
4.660503387451171875e+00
4.748154640197753906e+00
4.843864440917968750e+00
5.209067821502685547e+00
4.841827869415283203e+00
4.763754844665527344e+00
4.988850593566894531e+00
5.345646381378173828e+00
5.066655635833740234e+00
4.891732692718505859e+00
5.117465019226074219e+00
4.949895381927490234e+00
5.894668102264404297e+00
4.597754001617431641e+00
5.056546688079833984e+00
7.647317886352539062e+00
5.241466045379638672e+00
4.918801784515380859e+00
5.158545494079589844e+00
5.481901645660400391e+00
5.557536602020263672e+00
5.412942886352539062e+00
6.100163459777832031e+00
4.705412864685058594e+00
5.829562187194824219e+00
5.317580223083496094e+00
4.363086700439453125e+00
5.526395320892333984e+00
4.345252037048339844e+00
4.931565284729003906e+00
4.744496822357177734e+00
5.756182670593261719e+00
5.465365886688232422e+00
5.544874668121337891e+00
5.116005420684814453e+00
5.135871410369873047e+00
5.742513656616210938e+00
5.071410179138183594e+00
5.744853973388671875e+00
4.894112110137939453e+00
5.148548603057861328e+00
5.201040744781494141e+00
5.825243949890136719e+00
4.913028717041015625e+00
5.653534412384033203e+00
5.098206043243408203e+00
4.454912185668945312e+00
4.992133617401123047e+00
5.906822204589843750e+00
6.336225509643554688e+00
4.336945056915283203e+00
4.685728073120117188e+00
5.470293998718261719e+00
5.141877174377441406e+00
4.399941444396972656e+00
4.094777107238769531e+00
4.849720954895019531e+00
4.797027587890625000e+00
5.223238945007324219e+00
5.665410041809082031e+00
4.663606166839599609e+00
4.854774951934814453e+00
5.476840019226074219e+00
5.385758399963378906e+00
5.709883689880371094e+00
4.680366992950439453e+00
4.764799594879150391e+00
4.638593196868896484e+00
6.598218917846679688e+00
4.660192489624023438e+00
4.940599441528320312e+00
5.729765892028808594e+00
4.166927814483642578e+00
5.669584274291992188e+00
5.024435997009277344e+00
5.442480087280273438e+00
5.530109882354736328e+00
5.228849887847900391e+00
4.832368850708007812e+00
4.411232471466064453e+00
5.430949211120605469e+00
4.645741462707519531e+00
6.211328506469726562e+00
6.200195312500000000e+00
5.104394435882568359e+00
4.054813861846923828e+00
5.135750293731689453e+00
5.649668216705322266e+00
3.811993837356567383e+00
5.926706314086914062e+00
4.591580867767333984e+00
4.813686370849609375e+00
5.149911403656005859e+00
5.510643005371093750e+00
4.150683403015136719e+00
6.190953731536865234e+00
6.032327175140380859e+00
5.959935188293457031e+00
5.303583145141601562e+00
4.951896667480468750e+00
5.161049365997314453e+00
5.722829341888427734e+00
5.969501972198486328e+00
5.258893013000488281e+00
4.958957195281982422e+00
4.579063415527343750e+00
6.088868618011474609e+00
6.006909847259521484e+00
4.720391750335693359e+00
6.527686119079589844e+00
5.034137248992919922e+00
4.373158931732177734e+00
6.040035247802734375e+00
5.145749092102050781e+00
5.632908821105957031e+00
5.350063323974609375e+00
5.400372505187988281e+00
5.343635082244873047e+00
5.229142665863037109e+00
4.803651332855224609e+00
4.834130764007568359e+00
5.620776176452636719e+00
4.947497367858886719e+00
6.691603660583496094e+00
4.674463272094726562e+00
4.646785259246826172e+00
5.025854587554931641e+00
4.981437683105468750e+00
5.152535915374755859e+00
5.557138919830322266e+00
5.305811882019042969e+00
7.280491828918457031e+00
5.116152286529541016e+00
4.122613430023193359e+00
4.496577739715576172e+00
4.973395824432373047e+00
6.131643772125244141e+00
6.549363613128662109e+00
5.150647163391113281e+00
4.144310951232910156e+00
4.542795181274414062e+00
5.883600234985351562e+00
4.573821067810058594e+00
5.124841690063476562e+00
5.170866489410400391e+00
4.553140163421630859e+00
4.998907566070556641e+00
5.991108894348144531e+00
4.827969551086425781e+00
5.240660190582275391e+00
5.226084709167480469e+00
5.683906555175781250e+00
5.427782535552978516e+00
5.342096328735351562e+00
5.496515750885009766e+00
4.709710597991943359e+00
4.432737827301025391e+00
5.686997413635253906e+00
5.772700309753417969e+00
6.261926651000976562e+00
6.043061256408691406e+00
6.309223651885986328e+00
4.528048992156982422e+00
5.396252632141113281e+00
4.768808841705322266e+00
6.291246891021728516e+00
5.175024032592773438e+00
5.105113506317138672e+00
4.582335472106933594e+00
4.424372196197509766e+00
4.787476062774658203e+00
4.189080715179443359e+00
4.301532745361328125e+00
4.974855899810791016e+00
5.387516498565673828e+00
5.248572349548339844e+00
4.815834999084472656e+00
4.813769340515136719e+00
4.226019859313964844e+00
4.976852416992187500e+00
5.038335800170898438e+00
5.808486938476562500e+00
4.604330062866210938e+00
5.029301643371582031e+00
4.305150985717773438e+00
4.697066783905029297e+00
5.075914382934570312e+00
5.493933200836181641e+00
5.032314777374267578e+00
4.485032558441162109e+00
6.171968460083007812e+00
4.586743354797363281e+00
5.527259826660156250e+00
4.164051055908203125e+00
5.825642585754394531e+00
6.461862564086914062e+00
4.853960990905761719e+00
6.160918712615966797e+00
5.624990463256835938e+00
5.287116527557373047e+00
5.319626331329345703e+00
5.358032226562500000e+00
5.617201328277587891e+00
6.187346458435058594e+00
5.816732883453369141e+00
4.626954555511474609e+00
5.338846683502197266e+00
5.237122535705566406e+00
5.343105792999267578e+00
4.704372882843017578e+00
4.601719856262207031e+00
5.240477561950683594e+00
4.913955211639404297e+00
6.066120147705078125e+00
5.675786018371582031e+00
6.515781402587890625e+00
5.390077590942382812e+00
4.919556140899658203e+00
4.678014755249023438e+00
4.933521270751953125e+00
6.023273944854736328e+00
4.700078487396240234e+00
5.864181995391845703e+00
4.589711666107177734e+00
5.807612419128417969e+00
4.577661991119384766e+00
6.167006492614746094e+00
5.317507743835449219e+00
5.028552532196044922e+00
4.923348426818847656e+00
4.949804782867431641e+00
5.316383361816406250e+00
4.906296253204345703e+00
5.063959598541259766e+00
5.423027515411376953e+00
4.468444824218750000e+00
4.965586185455322266e+00
5.695209503173828125e+00
4.636829376220703125e+00
5.429053306579589844e+00
4.372589111328125000e+00
5.708503723144531250e+00
4.747564315795898438e+00
5.736248493194580078e+00
5.217287540435791016e+00
5.755929470062255859e+00
5.723170757293701172e+00
5.824817180633544922e+00
5.590902805328369141e+00
6.511916160583496094e+00
5.066801548004150391e+00
5.832068920135498047e+00
6.339602947235107422e+00
4.982110500335693359e+00
5.225546836853027344e+00
5.950051784515380859e+00
4.913607597351074219e+00
4.960093975067138672e+00
5.766778945922851562e+00
4.787891387939453125e+00
5.524813652038574219e+00
5.744148254394531250e+00
5.982525348663330078e+00
5.395155906677246094e+00
5.499941825866699219e+00
7.169757843017578125e+00
4.662491798400878906e+00
5.050643444061279297e+00
5.244964599609375000e+00
6.247166156768798828e+00
5.925688266754150391e+00
5.084237575531005859e+00
5.050208568572998047e+00
4.699444293975830078e+00
5.766036033630371094e+00
5.018251895904541016e+00
4.704020023345947266e+00
4.337743759155273438e+00
4.935324192047119141e+00
4.566543102264404297e+00
4.564760208129882812e+00
4.987615108489990234e+00
4.501109123229980469e+00
4.518174648284912109e+00
5.061926841735839844e+00
4.911148548126220703e+00
5.345199584960937500e+00
5.075473785400390625e+00
6.307385444641113281e+00
5.534074306488037109e+00
4.560630321502685547e+00
5.552127361297607422e+00
4.511985301971435547e+00
4.775793552398681641e+00
5.016026496887207031e+00
4.182337284088134766e+00
4.904499053955078125e+00
4.453030109405517578e+00
5.698018074035644531e+00
5.168128490447998047e+00
5.946164131164550781e+00
5.525325298309326172e+00
4.629449367523193359e+00
5.195518016815185547e+00
4.934160709381103516e+00
5.845450401306152344e+00
5.977352142333984375e+00
5.161592006683349609e+00
5.183334827423095703e+00
4.323562622070312500e+00
4.951685905456542969e+00
5.889207363128662109e+00
5.416972160339355469e+00
4.486854076385498047e+00
5.144448757171630859e+00
4.704527854919433594e+00
4.490329265594482422e+00
6.030889511108398438e+00
3.863743782043457031e+00
5.566782951354980469e+00
4.453083515167236328e+00
5.542567729949951172e+00
4.919948101043701172e+00
7.881916999816894531e+00
5.473061561584472656e+00
5.230444431304931641e+00
5.301362514495849609e+00
4.881266117095947266e+00
5.358623504638671875e+00
4.856621265411376953e+00
5.469223022460937500e+00
5.889416694641113281e+00
5.770415306091308594e+00
6.066425800323486328e+00
5.780122280120849609e+00
4.560534477233886719e+00
5.656758785247802734e+00
5.793941020965576172e+00
5.918550491333007812e+00
5.875710487365722656e+00
5.358443260192871094e+00
4.961514949798583984e+00
6.284853935241699219e+00
4.931791305541992188e+00
5.619378566741943359e+00
6.013593673706054688e+00
6.348060607910156250e+00
5.180355072021484375e+00
4.865460395812988281e+00
5.871882438659667969e+00
5.424341201782226562e+00
5.295867919921875000e+00
5.321416854858398438e+00
5.647684097290039062e+00
4.075022697448730469e+00
4.532022476196289062e+00
4.394071102142333984e+00
4.992454051971435547e+00
4.910159587860107422e+00
6.043066978454589844e+00
5.105201244354248047e+00
5.621679306030273438e+00
5.015014171600341797e+00
5.364573001861572266e+00
4.336383342742919922e+00
4.185243129730224609e+00
5.151977539062500000e+00
5.169072628021240234e+00
6.139232158660888672e+00
5.666304588317871094e+00
5.225061893463134766e+00
5.456742286682128906e+00
5.213625431060791016e+00
4.705898284912109375e+00
4.464397430419921875e+00
4.542994022369384766e+00
5.538225173950195312e+00
4.838745594024658203e+00
5.154974937438964844e+00
6.050924301147460938e+00
5.915329933166503906e+00
4.729963779449462891e+00
6.690060615539550781e+00
5.633502483367919922e+00
5.619278907775878906e+00
5.646486759185791016e+00
4.609078884124755859e+00
5.349035739898681641e+00
6.567162513732910156e+00
5.383664131164550781e+00
5.472375392913818359e+00
5.232470512390136719e+00
5.053249359130859375e+00
5.613318443298339844e+00
4.275194644927978516e+00
4.294974803924560547e+00
5.204932212829589844e+00
5.821364879608154297e+00
4.594095230102539062e+00
4.568633079528808594e+00
6.180701732635498047e+00
5.071499824523925781e+00
6.050292015075683594e+00
4.915630340576171875e+00
4.695079326629638672e+00
4.944595813751220703e+00
4.374448299407958984e+00
5.543149471282958984e+00
4.949943542480468750e+00
5.396609306335449219e+00
4.278212547302246094e+00
5.305902481079101562e+00
5.325680732727050781e+00
5.412321567535400391e+00
5.177232265472412109e+00
5.446460723876953125e+00
4.344800949096679688e+00
4.954206943511962891e+00
4.934050083160400391e+00
4.962979316711425781e+00
5.238547801971435547e+00
4.124621391296386719e+00
4.669375419616699219e+00
4.921651840209960938e+00
5.564919471740722656e+00
4.962839126586914062e+00
4.796642303466796875e+00
4.838126659393310547e+00
5.434635162353515625e+00
5.182719230651855469e+00
4.479146003723144531e+00
6.779337406158447266e+00
4.531129837036132812e+00
5.264071464538574219e+00
4.874830722808837891e+00
4.917421340942382812e+00
6.185277462005615234e+00
4.910323143005371094e+00
4.725955009460449219e+00
4.940597534179687500e+00
4.413208961486816406e+00
5.289642333984375000e+00
5.856852531433105469e+00
5.010087013244628906e+00
4.794960021972656250e+00
5.317889213562011719e+00
5.243606090545654297e+00
4.289717197418212891e+00
4.522957324981689453e+00
4.865296363830566406e+00
5.797217845916748047e+00
5.514391422271728516e+00
5.392328262329101562e+00
5.075954914093017578e+00
4.768638134002685547e+00
5.874141216278076172e+00
5.689886569976806641e+00
5.952142715454101562e+00
5.483333587646484375e+00
4.930377483367919922e+00
4.545776844024658203e+00
5.177134037017822266e+00
7.141656875610351562e+00
5.944990158081054688e+00
5.972427368164062500e+00
7.580102920532226562e+00
6.302623748779296875e+00
5.238934993743896484e+00
4.859337806701660156e+00
4.272216320037841797e+00
4.699174880981445312e+00
5.050933361053466797e+00
5.208167552947998047e+00
4.206640243530273438e+00
5.345884323120117188e+00
5.327984809875488281e+00
4.580507278442382812e+00
5.501855850219726562e+00
7.359417915344238281e+00
4.884987831115722656e+00
6.337066650390625000e+00
4.879079818725585938e+00
5.892093181610107422e+00
4.830374240875244141e+00
5.773204326629638672e+00
5.392876625061035156e+00
5.684309482574462891e+00
5.009164810180664062e+00
5.091511726379394531e+00
4.569857120513916016e+00
5.157751560211181641e+00
4.869501113891601562e+00
4.658818244934082031e+00
5.762083053588867188e+00
4.717208862304687500e+00
4.292653083801269531e+00
4.662909984588623047e+00
4.598182678222656250e+00
8.238130569458007812e+00
4.316003322601318359e+00
4.881154060363769531e+00
4.455775260925292969e+00
5.268729686737060547e+00
5.903395652770996094e+00
5.761700630187988281e+00
5.077985286712646484e+00
4.256183624267578125e+00
4.890508174896240234e+00
6.289668560028076172e+00
4.846255302429199219e+00
5.355690002441406250e+00
5.791380405426025391e+00
5.414294719696044922e+00
4.693988800048828125e+00
4.090166091918945312e+00
6.750123977661132812e+00
4.007671356201171875e+00
4.500377655029296875e+00
4.959980964660644531e+00
5.154391288757324219e+00
5.228454113006591797e+00
5.236529827117919922e+00
4.963322162628173828e+00
5.438374042510986328e+00
5.830755710601806641e+00
5.677330017089843750e+00
4.658205509185791016e+00
5.781297683715820312e+00
4.934882640838623047e+00
5.158192634582519531e+00
5.581318378448486328e+00
4.350153446197509766e+00
4.739886283874511719e+00
5.317809581756591797e+00
5.318833827972412109e+00
5.727931022644042969e+00
5.209088325500488281e+00
5.696558952331542969e+00
5.487869262695312500e+00
5.781433105468750000e+00
4.643864154815673828e+00
5.008242607116699219e+00
4.859103679656982422e+00
5.547367095947265625e+00
5.493589878082275391e+00
5.746103286743164062e+00
5.546107292175292969e+00
5.276815414428710938e+00
5.127772331237792969e+00
6.448339462280273438e+00
4.927339076995849609e+00
4.929628849029541016e+00
5.693418025970458984e+00
5.556147575378417969e+00
4.846038818359375000e+00
4.514626979827880859e+00
5.105603694915771484e+00
5.098512172698974609e+00
5.779481887817382812e+00
5.024307727813720703e+00
5.529841899871826172e+00
4.953090190887451172e+00
5.150325775146484375e+00
4.873274326324462891e+00
6.105529308319091797e+00
5.262577533721923828e+00
5.218625545501708984e+00
6.095882415771484375e+00
4.611207962036132812e+00
5.127717018127441406e+00
5.085695743560791016e+00
6.173886775970458984e+00
5.134785652160644531e+00
6.132592678070068359e+00
5.477823257446289062e+00
5.799223899841308594e+00
5.466543197631835938e+00
4.350693702697753906e+00
5.321897506713867188e+00
4.681434154510498047e+00
3.900096178054809570e+00
5.491409301757812500e+00
4.577891349792480469e+00
5.387013912200927734e+00
4.851672649383544922e+00
5.534419059753417969e+00
5.075942993164062500e+00
5.412242889404296875e+00
5.110806941986083984e+00
4.718982219696044922e+00
5.259788513183593750e+00
4.593145847320556641e+00
3.918384313583374023e+00
5.146909713745117188e+00
6.224701881408691406e+00
6.629626274108886719e+00
4.873239040374755859e+00
4.094179153442382812e+00
6.074146270751953125e+00
6.261796951293945312e+00
4.598066329956054688e+00
5.384742259979248047e+00
4.725379943847656250e+00
5.450078487396240234e+00
6.006852626800537109e+00
5.217115879058837891e+00
5.635750770568847656e+00
5.361471176147460938e+00
4.740873336791992188e+00
6.712830543518066406e+00
6.108714580535888672e+00
5.342015743255615234e+00
5.341129779815673828e+00
5.682259559631347656e+00
6.412010669708251953e+00
5.016126632690429688e+00
5.624726772308349609e+00
5.265534400939941406e+00
5.307250976562500000e+00
5.658087730407714844e+00
5.571361064910888672e+00
5.755546569824218750e+00
5.344311237335205078e+00
5.619781970977783203e+00
4.883627414703369141e+00
5.004034519195556641e+00
4.777463912963867188e+00
4.476406097412109375e+00
4.775152206420898438e+00
5.352177143096923828e+00
4.639646530151367188e+00
5.176705360412597656e+00
5.378323554992675781e+00
6.919432640075683594e+00
6.823180198669433594e+00
4.297065734863281250e+00
4.857909202575683594e+00
6.213560104370117188e+00
6.088058948516845703e+00
5.831605911254882812e+00
4.942975044250488281e+00
5.790751457214355469e+00
6.216679573059082031e+00
4.501931667327880859e+00
5.694339752197265625e+00
5.434751510620117188e+00
5.419785499572753906e+00
4.547852516174316406e+00
5.223323345184326172e+00
4.655827522277832031e+00
4.358398437500000000e+00
4.870214462280273438e+00
5.125667095184326172e+00
4.735906124114990234e+00
4.630905151367187500e+00
5.233613967895507812e+00
4.803477764129638672e+00
5.048997402191162109e+00
5.234854221343994141e+00
5.628401756286621094e+00
5.797712802886962891e+00
4.390353679656982422e+00
5.032364845275878906e+00
4.721942901611328125e+00
4.844453334808349609e+00
6.095922470092773438e+00
5.664740562438964844e+00
5.135182380676269531e+00
5.825570583343505859e+00
4.862812995910644531e+00
5.400619029998779297e+00
4.882804870605468750e+00
5.042783737182617188e+00
5.346074104309082031e+00
4.464593887329101562e+00
5.330256938934326172e+00
4.171816825866699219e+00
5.459573745727539062e+00
4.675160884857177734e+00
5.253124237060546875e+00
5.058621406555175781e+00
5.675269126892089844e+00
6.045557022094726562e+00
5.349226474761962891e+00
4.369966983795166016e+00
5.345447063446044922e+00
5.794941902160644531e+00
4.326776504516601562e+00
5.149732112884521484e+00
4.703656196594238281e+00
4.673044204711914062e+00
4.993515014648437500e+00
5.140083312988281250e+00
4.620759963989257812e+00
5.111443042755126953e+00
6.219538688659667969e+00
5.080600261688232422e+00
5.032953262329101562e+00
4.757537364959716797e+00
4.543709754943847656e+00
5.483397960662841797e+00
6.470330238342285156e+00
5.256197929382324219e+00
5.311241149902343750e+00
4.624804973602294922e+00
6.519957542419433594e+00
5.478047370910644531e+00
4.271456718444824219e+00
5.338422298431396484e+00
5.179480075836181641e+00
6.322458744049072266e+00
5.969769954681396484e+00
4.984175682067871094e+00
4.964297771453857422e+00
5.823821544647216797e+00
4.568107604980468750e+00
4.371336936950683594e+00
4.966129302978515625e+00
4.909953594207763672e+00
5.173137664794921875e+00
4.605808734893798828e+00
7.015795707702636719e+00
5.019242286682128906e+00
5.638689517974853516e+00
5.649742126464843750e+00
5.317581176757812500e+00
4.917600631713867188e+00
5.443802833557128906e+00
6.620177745819091797e+00
4.451484680175781250e+00
5.784954547882080078e+00
5.010300159454345703e+00
5.614025592803955078e+00
4.531308650970458984e+00
4.871611595153808594e+00
5.531724452972412109e+00
4.856744766235351562e+00
4.506506443023681641e+00
4.635341167449951172e+00
4.366813659667968750e+00
5.887068271636962891e+00
4.380521774291992188e+00
5.632707595825195312e+00
4.951339244842529297e+00
3.888383388519287109e+00
6.526940345764160156e+00
6.538098335266113281e+00
4.994640350341796875e+00
4.223112106323242188e+00
5.757531642913818359e+00
4.525443077087402344e+00
6.180057525634765625e+00
5.902935028076171875e+00
5.235077381134033203e+00
5.121981143951416016e+00
5.022055149078369141e+00
4.740923881530761719e+00
4.607890605926513672e+00
5.532168865203857422e+00
4.822574615478515625e+00
4.288518428802490234e+00
5.351416587829589844e+00
4.430926322937011719e+00
5.235681056976318359e+00
5.394920825958251953e+00
6.148228168487548828e+00
4.847520351409912109e+00
6.173684120178222656e+00
5.838302612304687500e+00
5.229298591613769531e+00
4.913607597351074219e+00
6.421294212341308594e+00
5.047019004821777344e+00
5.200847625732421875e+00
5.535657882690429688e+00
5.690423965454101562e+00
4.888610363006591797e+00
4.725021839141845703e+00
5.162205219268798828e+00
4.925712585449218750e+00
6.276714324951171875e+00
4.228742599487304688e+00
6.759845256805419922e+00
4.097841262817382812e+00
4.219509601593017578e+00
7.245652198791503906e+00
5.027187347412109375e+00
5.271072387695312500e+00
4.827972412109375000e+00
5.569152832031250000e+00
5.967552661895751953e+00
4.514597892761230469e+00
4.580602645874023438e+00
5.074408531188964844e+00
5.043780803680419922e+00
5.984118938446044922e+00
4.478050231933593750e+00
5.034285545349121094e+00
4.502152919769287109e+00
5.649729728698730469e+00
5.535701274871826172e+00
4.611782073974609375e+00
5.203214645385742188e+00
3.852579355239868164e+00
4.836163043975830078e+00
5.317090988159179688e+00
5.595806121826171875e+00
6.164015769958496094e+00
5.679360866546630859e+00
4.628356456756591797e+00
6.138906955718994141e+00
4.423623561859130859e+00
5.311224937438964844e+00
4.585865020751953125e+00
5.162084102630615234e+00
4.991276741027832031e+00
5.778243541717529297e+00
5.496828079223632812e+00
6.348339080810546875e+00
5.941839218139648438e+00
5.900561332702636719e+00
5.674527168273925781e+00
5.859236717224121094e+00
4.791851997375488281e+00
6.645182132720947266e+00
4.682676792144775391e+00
4.832993507385253906e+00
6.050631999969482422e+00
5.126583099365234375e+00
5.029886722564697266e+00
5.571732521057128906e+00
4.998024940490722656e+00
5.368816852569580078e+00
5.502780914306640625e+00
5.460698127746582031e+00
5.724050998687744141e+00
5.112515926361083984e+00
5.859208583831787109e+00
4.653216838836669922e+00
5.578608036041259766e+00
5.132168769836425781e+00
4.763143539428710938e+00
5.195169925689697266e+00
6.042273521423339844e+00
5.518423080444335938e+00
4.964580535888671875e+00
5.255168914794921875e+00
6.470801830291748047e+00
5.400685787200927734e+00
6.297070980072021484e+00
5.058334827423095703e+00
5.139636993408203125e+00
4.959644794464111328e+00
4.346634387969970703e+00
4.596865177154541016e+00
4.954526424407958984e+00
4.790060520172119141e+00
4.318836688995361328e+00
5.785181045532226562e+00
4.907931804656982422e+00
5.089086532592773438e+00
5.665205955505371094e+00
4.805325031280517578e+00
5.139335155487060547e+00
4.564256668090820312e+00
4.825998306274414062e+00
5.803925991058349609e+00
5.464949607849121094e+00
6.113950252532958984e+00
4.771763324737548828e+00
4.326154232025146484e+00
4.299483776092529297e+00
7.243070602416992188e+00
6.055484294891357422e+00
5.357376098632812500e+00
4.454136848449707031e+00
4.691581249237060547e+00
5.917397022247314453e+00
5.997758865356445312e+00
4.511236190795898438e+00
5.163051605224609375e+00
6.176151275634765625e+00
5.161734104156494141e+00
5.277707099914550781e+00
5.504889011383056641e+00
5.319728374481201172e+00
3.880633592605590820e+00
4.733808994293212891e+00
4.447081089019775391e+00
4.936725616455078125e+00
4.763941764831542969e+00
6.070783138275146484e+00
5.231272697448730469e+00
5.166487693786621094e+00
4.928908824920654297e+00
4.424259185791015625e+00
5.390293121337890625e+00
5.148507118225097656e+00
4.786622524261474609e+00
5.808868408203125000e+00
6.477616786956787109e+00
4.805076122283935547e+00
4.743292331695556641e+00
5.468640327453613281e+00
5.454831600189208984e+00
5.738934993743896484e+00
6.089570045471191406e+00
5.545944690704345703e+00
4.407907009124755859e+00
4.916197776794433594e+00
5.012850284576416016e+00
5.033035278320312500e+00
5.118723869323730469e+00
5.199130535125732422e+00
5.003633499145507812e+00
5.813727378845214844e+00
5.348859786987304688e+00
4.775802612304687500e+00
4.731960296630859375e+00
5.159726142883300781e+00
4.812857627868652344e+00
4.828258037567138672e+00
5.392837524414062500e+00
4.747192382812500000e+00
5.953909397125244141e+00
4.718893051147460938e+00
4.890055179595947266e+00
5.412843227386474609e+00
5.235765457153320312e+00
5.275699615478515625e+00
5.045671463012695312e+00
5.800738334655761719e+00
5.446398735046386719e+00
5.825374603271484375e+00
5.034215450286865234e+00
4.831159114837646484e+00
5.532617568969726562e+00
4.636793613433837891e+00
4.141512870788574219e+00
4.523798942565917969e+00
4.899050712585449219e+00
5.311919212341308594e+00
6.450001239776611328e+00
5.973794937133789062e+00
5.152384757995605469e+00
5.056210994720458984e+00
5.139920234680175781e+00
5.031499385833740234e+00
5.670585632324218750e+00
5.690243721008300781e+00
5.140653610229492188e+00
5.339703559875488281e+00
4.998122215270996094e+00
4.827710151672363281e+00
4.772973537445068359e+00
5.264550685882568359e+00
5.696126937866210938e+00
5.643742561340332031e+00
4.807895183563232422e+00
5.621625423431396484e+00
5.151230812072753906e+00
5.520954608917236328e+00
4.977037906646728516e+00
4.689322948455810547e+00
5.715023994445800781e+00
5.028000831604003906e+00
5.043469429016113281e+00
5.745809078216552734e+00
5.730545997619628906e+00
4.444539546966552734e+00
4.266430854797363281e+00
4.952625751495361328e+00
6.065266609191894531e+00
5.321793556213378906e+00
5.476487159729003906e+00
5.225235939025878906e+00
5.416782855987548828e+00
5.235023021697998047e+00
5.022506237030029297e+00
5.760172843933105469e+00
5.387555599212646484e+00
4.594775199890136719e+00
5.061376094818115234e+00
5.405562400817871094e+00
5.197921752929687500e+00
6.190851211547851562e+00
6.489676952362060547e+00
6.340418338775634766e+00
4.754260063171386719e+00
5.084309101104736328e+00
4.443697452545166016e+00
5.874183177947998047e+00
4.947238922119140625e+00
5.436075687408447266e+00
5.802542686462402344e+00
4.545919895172119141e+00
4.950480461120605469e+00
5.793954849243164062e+00
5.898351192474365234e+00
4.713946819305419922e+00
5.246921062469482422e+00
4.213862895965576172e+00
5.585549354553222656e+00
4.944551944732666016e+00
5.391818523406982422e+00
4.754631519317626953e+00
6.438846111297607422e+00
5.049220085144042969e+00
4.970310688018798828e+00
4.760447978973388672e+00
4.805647850036621094e+00
4.806586742401123047e+00
5.110920429229736328e+00
6.091790199279785156e+00
5.372421741485595703e+00
4.602113723754882812e+00
5.208700180053710938e+00
4.634956836700439453e+00
5.042026042938232422e+00
4.845894813537597656e+00
5.205632209777832031e+00
4.955393791198730469e+00
4.503456592559814453e+00
5.652698040008544922e+00
4.425675392150878906e+00
4.750966072082519531e+00
5.297115325927734375e+00
6.448654651641845703e+00
4.889057159423828125e+00
5.864105224609375000e+00
4.965202331542968750e+00
5.627305507659912109e+00
5.261351108551025391e+00
9.076290130615234375e+00
5.653152942657470703e+00
5.326143264770507812e+00
5.464337825775146484e+00
6.017579078674316406e+00
4.718787670135498047e+00
6.200622081756591797e+00
4.892922401428222656e+00
4.555939197540283203e+00
5.054735660552978516e+00
5.116122245788574219e+00
5.292901515960693359e+00
5.866375923156738281e+00
5.163921833038330078e+00
5.019441127777099609e+00
4.690078258514404297e+00
4.329397201538085938e+00
4.992650985717773438e+00
5.031804084777832031e+00
6.610857963562011719e+00
4.347189903259277344e+00
4.576483726501464844e+00
6.220486164093017578e+00
5.439390182495117188e+00
5.164396762847900391e+00
4.887500286102294922e+00
5.163315296173095703e+00
6.159809112548828125e+00
4.973156452178955078e+00
5.149468421936035156e+00
5.943339824676513672e+00
6.464266300201416016e+00
5.067730426788330078e+00
5.209502696990966797e+00
5.380749702453613281e+00
5.314887046813964844e+00
4.566755771636962891e+00
4.751763820648193359e+00
5.357389450073242188e+00
5.244117259979248047e+00
5.828090667724609375e+00
6.050940990447998047e+00
4.957584857940673828e+00
4.817144870758056641e+00
4.778532505035400391e+00
5.927228927612304688e+00
5.774987697601318359e+00
5.666284561157226562e+00
5.154241561889648438e+00
4.660471439361572266e+00
5.832150459289550781e+00
5.625658988952636719e+00
4.856515407562255859e+00
5.348344326019287109e+00
4.907683849334716797e+00
5.039878845214843750e+00
5.240630626678466797e+00
5.837847709655761719e+00
4.186614513397216797e+00
4.823956966400146484e+00
4.473632812500000000e+00
5.872322082519531250e+00
4.816881179809570312e+00
5.065165042877197266e+00
5.135778427124023438e+00
5.919748306274414062e+00
5.089574337005615234e+00
5.507053375244140625e+00
5.158533573150634766e+00
5.738044261932373047e+00
4.677866458892822266e+00
5.393010616302490234e+00
4.884359836578369141e+00
5.370849609375000000e+00
4.561059951782226562e+00
4.805099964141845703e+00
5.051435947418212891e+00
7.363286972045898438e+00
4.386870861053466797e+00
5.087991714477539062e+00
6.926854133605957031e+00
6.720944404602050781e+00
5.089339256286621094e+00
4.500350475311279297e+00
6.282644271850585938e+00
5.461209297180175781e+00
5.154464244842529297e+00
6.343471050262451172e+00
5.076297760009765625e+00
4.834415435791015625e+00
5.637866973876953125e+00
4.630070686340332031e+00
5.276798248291015625e+00
5.040352821350097656e+00
5.635785102844238281e+00
5.302428722381591797e+00
5.962703227996826172e+00
5.216225624084472656e+00
5.517481803894042969e+00
5.140815734863281250e+00
5.504502773284912109e+00
6.961031913757324219e+00
4.927495479583740234e+00
6.154731273651123047e+00
4.327884197235107422e+00
4.445240497589111328e+00
5.772066116333007812e+00
5.586652755737304688e+00
6.496128082275390625e+00
5.558659553527832031e+00
5.521627426147460938e+00
4.820185661315917969e+00
6.399651527404785156e+00
5.953387260437011719e+00
5.435072898864746094e+00
5.478534221649169922e+00
5.184815883636474609e+00
4.429879188537597656e+00
5.841533660888671875e+00
4.037382602691650391e+00
5.899524211883544922e+00
5.155341625213623047e+00
5.132462501525878906e+00
5.950838088989257812e+00
4.641200542449951172e+00
5.493373394012451172e+00
5.783171176910400391e+00
6.297048568725585938e+00
5.081539630889892578e+00
5.893995285034179688e+00
5.576525688171386719e+00
5.112319946289062500e+00
5.046399116516113281e+00
5.304134368896484375e+00
5.180791378021240234e+00
5.341650962829589844e+00
4.654438018798828125e+00
4.981943130493164062e+00
4.718507766723632812e+00
4.471822261810302734e+00
5.138352394104003906e+00
4.813372135162353516e+00
5.667667388916015625e+00
4.243637084960937500e+00
5.485536575317382812e+00
5.830297946929931641e+00
5.396477222442626953e+00
4.987267494201660156e+00
5.218486785888671875e+00
5.240579605102539062e+00
5.655582427978515625e+00
4.989983558654785156e+00
4.869948863983154297e+00
5.916691303253173828e+00
5.219235897064208984e+00
4.324959278106689453e+00
5.565440654754638672e+00
6.000097751617431641e+00
4.890949249267578125e+00
5.258987903594970703e+00
4.863219261169433594e+00
4.658270835876464844e+00
5.770510673522949219e+00
5.118362903594970703e+00
6.183366775512695312e+00
5.596140384674072266e+00
6.174831390380859375e+00
4.650063037872314453e+00
3.931460380554199219e+00
5.207200527191162109e+00
5.331320762634277344e+00
5.344200134277343750e+00
5.414370536804199219e+00
5.923029899597167969e+00
3.876132488250732422e+00
4.843060493469238281e+00
4.400069236755371094e+00
5.609032154083251953e+00
4.842555999755859375e+00
7.422837257385253906e+00
5.886491298675537109e+00
5.356966972351074219e+00
5.385202884674072266e+00
5.699258804321289062e+00
4.829645633697509766e+00
6.268332481384277344e+00
5.655201911926269531e+00
5.762948036193847656e+00
4.853593826293945312e+00
5.216249465942382812e+00
5.371857643127441406e+00
5.675654411315917969e+00
5.051300048828125000e+00
5.184422969818115234e+00
5.332694530487060547e+00
5.485516548156738281e+00
5.152521133422851562e+00
4.892867088317871094e+00
4.782708644866943359e+00
4.568899154663085938e+00
4.974788188934326172e+00
5.673878669738769531e+00
5.985816001892089844e+00
4.928499221801757812e+00
4.392181396484375000e+00
5.459626197814941406e+00
4.790908336639404297e+00
4.949074745178222656e+00
4.642530441284179688e+00
5.576195240020751953e+00
5.367884159088134766e+00
5.005305290222167969e+00
4.846781253814697266e+00
6.366062164306640625e+00
5.240238189697265625e+00
5.748686790466308594e+00
6.899248600006103516e+00
4.827314376831054688e+00
4.945086956024169922e+00
5.303359031677246094e+00
5.978534698486328125e+00
5.540745258331298828e+00
4.609455108642578125e+00
4.296680927276611328e+00
4.936970233917236328e+00
6.493178367614746094e+00
6.482822895050048828e+00
5.140918254852294922e+00
5.578414916992187500e+00
5.494305610656738281e+00
5.041678428649902344e+00
5.412137985229492188e+00
5.894944190979003906e+00
5.839394092559814453e+00
5.010587215423583984e+00
5.113249778747558594e+00
5.032020092010498047e+00
4.750165939331054688e+00
6.003388404846191406e+00
4.728501319885253906e+00
6.525836467742919922e+00
4.968802928924560547e+00
7.100871086120605469e+00
5.485052108764648438e+00
4.936537265777587891e+00
6.466134071350097656e+00
5.051061630249023438e+00
5.078347206115722656e+00
4.897782802581787109e+00
5.166854858398437500e+00
5.386203765869140625e+00
5.184792041778564453e+00
5.886657714843750000e+00
6.169028759002685547e+00
6.606961250305175781e+00
5.330779552459716797e+00
5.089661121368408203e+00
5.219374179840087891e+00
5.135693550109863281e+00
5.135614395141601562e+00
4.765053272247314453e+00
5.358547687530517578e+00
5.865016937255859375e+00
4.978147983551025391e+00
4.733978748321533203e+00
6.643265247344970703e+00
5.268764495849609375e+00
5.660557270050048828e+00
4.404423236846923828e+00
7.781397819519042969e+00
6.173402786254882812e+00
5.992914676666259766e+00
6.542481899261474609e+00
5.449933528900146484e+00
5.207069396972656250e+00
5.518278121948242188e+00
5.214548587799072266e+00
6.108000755310058594e+00
6.064226627349853516e+00
4.749713420867919922e+00
5.752673625946044922e+00
5.673100948333740234e+00
6.325247764587402344e+00
5.826087951660156250e+00
4.905661106109619141e+00
4.954836845397949219e+00
5.090106964111328125e+00
5.675310611724853516e+00
4.885881423950195312e+00
5.650864601135253906e+00
5.520759582519531250e+00
6.017601490020751953e+00
5.871794700622558594e+00
5.424137115478515625e+00
5.245078086853027344e+00
6.276102542877197266e+00
5.115692138671875000e+00
8.761420249938964844e+00
6.691535949707031250e+00
5.489168167114257812e+00
5.741209030151367188e+00
5.569624900817871094e+00
5.433468341827392578e+00
6.005070686340332031e+00
5.345909595489501953e+00
5.646598815917968750e+00
6.703604698181152344e+00
5.235298633575439453e+00
5.224000453948974609e+00
4.899758338928222656e+00
5.724291801452636719e+00
5.173552989959716797e+00
5.840039253234863281e+00
5.183908462524414062e+00
6.478804588317871094e+00
4.796707153320312500e+00
5.374603748321533203e+00
5.485078334808349609e+00
6.200137615203857422e+00
5.303429603576660156e+00
5.105249404907226562e+00
6.671772003173828125e+00
4.940930843353271484e+00
5.037099838256835938e+00
4.731384754180908203e+00
5.673184394836425781e+00
4.648191928863525391e+00
4.475537300109863281e+00
5.372147560119628906e+00
5.358549594879150391e+00
4.725028038024902344e+00
5.312727928161621094e+00
6.511116027832031250e+00
4.177223682403564453e+00
5.004453659057617188e+00
4.674747943878173828e+00
5.392346382141113281e+00
4.809821605682373047e+00
5.039260864257812500e+00
6.153279781341552734e+00
4.574266433715820312e+00
5.352526187896728516e+00
4.829930782318115234e+00
5.275897979736328125e+00
4.275126457214355469e+00
4.994174480438232422e+00
5.390603065490722656e+00
5.230778694152832031e+00
5.683376312255859375e+00
4.465751647949218750e+00
4.710948944091796875e+00
4.805551528930664062e+00
5.258570671081542969e+00
5.630904197692871094e+00
4.378314971923828125e+00
4.788015365600585938e+00
5.333846569061279297e+00
5.986587524414062500e+00
4.392127513885498047e+00
5.469339370727539062e+00
5.250778198242187500e+00
5.186088085174560547e+00
4.980746746063232422e+00
4.872761726379394531e+00
5.688606262207031250e+00
5.450015068054199219e+00
5.863023281097412109e+00
4.303494453430175781e+00
5.124750614166259766e+00
4.264176368713378906e+00
5.351213455200195312e+00
5.924858093261718750e+00
5.046104431152343750e+00
5.922322750091552734e+00
4.852262496948242188e+00
5.020293712615966797e+00
6.279397487640380859e+00
5.763485908508300781e+00
5.040946483612060547e+00
5.322365760803222656e+00
6.596675395965576172e+00
5.051699161529541016e+00
4.899214267730712891e+00
5.783889770507812500e+00
5.568856239318847656e+00
5.796670913696289062e+00
5.339848518371582031e+00
5.603308677673339844e+00
5.471657276153564453e+00
6.012278079986572266e+00
6.014900684356689453e+00
5.376491069793701172e+00
5.582124710083007812e+00
5.682432174682617188e+00
5.587647438049316406e+00
4.187136650085449219e+00
5.079766750335693359e+00
6.031454086303710938e+00
6.272855758666992188e+00
5.263639450073242188e+00
5.608924865722656250e+00
5.380518436431884766e+00
5.084376811981201172e+00
5.531938076019287109e+00
5.618695735931396484e+00
4.934337615966796875e+00
5.499116897583007812e+00
5.694264411926269531e+00
4.564715385437011719e+00
5.652728557586669922e+00
5.392411231994628906e+00
5.186299324035644531e+00
6.330999374389648438e+00
4.977671623229980469e+00
4.970308780670166016e+00
6.153216838836669922e+00
4.736851215362548828e+00
4.813926696777343750e+00
6.039723873138427734e+00
5.414688110351562500e+00
5.504521369934082031e+00
6.221653938293457031e+00
5.867306232452392578e+00
6.851057529449462891e+00
4.212484359741210938e+00
5.221288204193115234e+00
4.747599124908447266e+00
5.241497993469238281e+00
5.622629642486572266e+00
5.135405540466308594e+00
5.136543273925781250e+00
5.652151107788085938e+00
5.628352642059326172e+00
4.894857406616210938e+00
5.059737205505371094e+00
4.950927257537841797e+00
6.023813724517822266e+00
4.887904644012451172e+00
5.542933940887451172e+00
4.771924018859863281e+00
5.657115459442138672e+00
5.095886230468750000e+00
6.066865921020507812e+00
4.949441432952880859e+00
5.211650848388671875e+00
5.177318572998046875e+00
6.098865509033203125e+00
5.256264686584472656e+00
5.224691390991210938e+00
7.127885818481445312e+00
4.850062370300292969e+00
6.289281845092773438e+00
5.937274456024169922e+00
6.316696166992187500e+00
5.043894767761230469e+00
5.649952888488769531e+00
4.191932201385498047e+00
6.845740318298339844e+00
4.847735404968261719e+00
4.422639846801757812e+00
5.436186790466308594e+00
5.946305274963378906e+00
4.714983940124511719e+00
4.873543262481689453e+00
6.063894271850585938e+00
4.946923255920410156e+00
5.501160621643066406e+00
5.234098911285400391e+00
5.723077774047851562e+00
4.770162582397460938e+00
5.761529922485351562e+00
5.158642292022705078e+00
5.986015319824218750e+00
4.944760322570800781e+00
5.058561801910400391e+00
5.186735630035400391e+00
6.079612255096435547e+00
4.719759941101074219e+00
5.320123195648193359e+00
6.111017227172851562e+00
5.437546730041503906e+00
6.389135837554931641e+00
5.310565948486328125e+00
5.375467777252197266e+00
4.899812698364257812e+00
5.807608604431152344e+00
5.514992237091064453e+00
6.401615619659423828e+00
4.395815849304199219e+00
6.287004947662353516e+00
6.591560363769531250e+00
4.924418449401855469e+00
5.242774009704589844e+00
4.934686660766601562e+00
5.778813362121582031e+00
7.161179065704345703e+00
4.927232742309570312e+00
4.435684680938720703e+00
5.360092639923095703e+00
5.918594837188720703e+00
5.213734149932861328e+00
5.490918636322021484e+00
4.871111869812011719e+00
4.680256843566894531e+00
5.353805541992187500e+00
4.742608070373535156e+00
6.449210166931152344e+00
4.821460723876953125e+00
5.025602817535400391e+00
4.863844394683837891e+00
4.727930068969726562e+00
4.568496704101562500e+00
5.430927276611328125e+00
6.557321548461914062e+00
6.240500450134277344e+00
5.307922363281250000e+00
6.223411083221435547e+00
5.514318466186523438e+00
4.949457168579101562e+00
5.977737426757812500e+00
4.607502460479736328e+00
4.926781654357910156e+00
4.570019245147705078e+00
5.820648193359375000e+00
5.549192428588867188e+00
5.776473045349121094e+00
4.214025974273681641e+00
6.335137367248535156e+00
4.805423736572265625e+00
5.545475959777832031e+00
4.457582473754882812e+00
4.436143398284912109e+00
4.186075687408447266e+00
4.878117561340332031e+00
5.662554264068603516e+00
4.619646549224853516e+00
5.096325397491455078e+00
6.486127853393554688e+00
5.252964973449707031e+00
5.572486400604248047e+00
5.494830131530761719e+00
5.194399833679199219e+00
4.669071674346923828e+00
5.590853691101074219e+00
5.002064228057861328e+00
4.120923042297363281e+00
5.401244640350341797e+00
4.491322517395019531e+00
5.578689098358154297e+00
4.575018882751464844e+00
4.922802448272705078e+00
5.909396648406982422e+00
5.867475032806396484e+00
5.415697097778320312e+00
4.989278316497802734e+00
5.473502159118652344e+00
5.759284973144531250e+00
6.429801940917968750e+00
4.665837764739990234e+00
4.856604576110839844e+00
5.083406925201416016e+00
5.414749145507812500e+00
6.216809272766113281e+00
5.873476505279541016e+00
6.513251304626464844e+00
4.892932891845703125e+00
5.389007091522216797e+00
5.609890937805175781e+00
4.997808456420898438e+00
4.793525218963623047e+00
5.198534011840820312e+00
4.679769039154052734e+00
6.135656356811523438e+00
6.001023769378662109e+00
4.758527755737304688e+00
6.812902450561523438e+00
5.636260986328125000e+00
4.414524078369140625e+00
5.678452968597412109e+00
5.134732723236083984e+00
6.583768844604492188e+00
4.818266868591308594e+00
4.672665596008300781e+00
4.719749927520751953e+00
5.209419727325439453e+00
5.052553653717041016e+00
5.127838611602783203e+00
5.833023548126220703e+00
5.508831977844238281e+00
6.294636249542236328e+00
4.690902709960937500e+00
4.539831638336181641e+00
4.783738613128662109e+00
5.174115657806396484e+00
5.310543537139892578e+00
4.780569553375244141e+00
5.387480258941650391e+00
5.706581592559814453e+00
4.335293292999267578e+00
6.029896736145019531e+00
5.232164859771728516e+00
4.589051246643066406e+00
5.844598770141601562e+00
4.760631084442138672e+00
6.114559173583984375e+00
6.575912475585937500e+00
6.253650665283203125e+00
5.308323383331298828e+00
5.214092254638671875e+00
5.451823234558105469e+00
4.659934520721435547e+00
5.076077461242675781e+00
4.562627315521240234e+00
5.065537452697753906e+00
4.824511528015136719e+00
3.971616506576538086e+00
5.357402801513671875e+00
5.505208492279052734e+00
5.181782245635986328e+00
5.303891658782958984e+00
4.579250812530517578e+00
6.154795646667480469e+00
6.141912937164306641e+00
5.665418624877929688e+00
5.805647850036621094e+00
4.659294128417968750e+00
5.286172389984130859e+00
5.631743431091308594e+00
5.643280029296875000e+00
5.410395145416259766e+00
5.637296676635742188e+00
4.579568386077880859e+00
4.804017543792724609e+00
4.734112262725830078e+00
4.746385097503662109e+00
4.716687202453613281e+00
4.920265197753906250e+00
5.109174251556396484e+00
5.604036808013916016e+00
5.010070800781250000e+00
4.537467956542968750e+00
6.051901340484619141e+00
5.071628093719482422e+00
5.070266723632812500e+00
5.446028232574462891e+00
4.965427875518798828e+00
5.930682659149169922e+00
5.300980567932128906e+00
4.636279106140136719e+00
5.434764862060546875e+00
5.339276313781738281e+00
5.392588615417480469e+00
5.212553501129150391e+00
5.341414928436279297e+00
4.923116683959960938e+00
4.844753265380859375e+00
4.434252738952636719e+00
4.678383350372314453e+00
4.767853736877441406e+00
4.091167926788330078e+00
5.355722904205322266e+00
4.516542434692382812e+00
5.657941818237304688e+00
6.558483600616455078e+00
4.742510795593261719e+00
5.344249725341796875e+00
5.320685386657714844e+00
5.846110343933105469e+00
4.842823505401611328e+00
4.747528076171875000e+00
5.508457183837890625e+00
4.237944602966308594e+00
5.258002281188964844e+00
5.060644626617431641e+00
5.079506397247314453e+00
4.322903156280517578e+00
4.578382968902587891e+00
5.438948631286621094e+00
5.256802082061767578e+00
4.918958663940429688e+00
6.502535820007324219e+00
5.096105575561523438e+00
6.031110286712646484e+00
6.091438293457031250e+00
3.998586416244506836e+00
4.589025974273681641e+00
4.687759876251220703e+00
3.943392038345336914e+00
5.427245140075683594e+00
4.682491302490234375e+00
5.289849281311035156e+00
5.539197444915771484e+00
6.698127269744873047e+00
4.843835353851318359e+00
5.828670501708984375e+00
5.732492923736572266e+00
6.208526611328125000e+00
5.170334339141845703e+00
5.102060317993164062e+00
4.936882972717285156e+00
5.969494342803955078e+00
5.242481708526611328e+00
5.631884574890136719e+00
4.651597976684570312e+00
5.494913101196289062e+00
6.123769760131835938e+00
5.005770683288574219e+00
6.339126586914062500e+00
6.127997398376464844e+00
5.942545413970947266e+00
6.799468040466308594e+00
5.939537525177001953e+00
5.684754371643066406e+00
5.511182308197021484e+00
5.081819057464599609e+00
4.090479850769042969e+00
5.444405078887939453e+00
5.681401252746582031e+00
5.454318046569824219e+00
5.047620773315429688e+00
4.418593883514404297e+00
5.178041934967041016e+00
4.665104389190673828e+00
4.908946037292480469e+00
5.656732559204101562e+00
5.581697940826416016e+00
6.548644065856933594e+00
5.083422183990478516e+00
5.523230075836181641e+00
6.249200820922851562e+00
5.085273742675781250e+00
4.804767131805419922e+00
4.302649974822998047e+00
4.421061992645263672e+00
6.036523342132568359e+00
4.957665443420410156e+00
5.696328639984130859e+00
4.573455810546875000e+00
5.818560600280761719e+00
4.699180603027343750e+00
5.498650550842285156e+00
5.199775695800781250e+00
5.263622283935546875e+00
6.270137786865234375e+00
4.310902595520019531e+00
6.375546455383300781e+00
6.192185878753662109e+00
5.399356842041015625e+00
4.570771217346191406e+00
6.926675796508789062e+00
4.758147716522216797e+00
7.513557434082031250e+00
5.780125617980957031e+00
5.324166297912597656e+00
4.697852611541748047e+00
5.353977680206298828e+00
5.402075767517089844e+00
5.197558879852294922e+00
5.901123523712158203e+00
5.489983081817626953e+00
5.007484436035156250e+00
5.874195098876953125e+00
6.046783447265625000e+00
5.959241867065429688e+00
5.168656826019287109e+00
6.014960289001464844e+00
7.114572048187255859e+00
7.540293693542480469e+00
5.344213008880615234e+00
4.692331314086914062e+00
6.093008995056152344e+00
4.616491794586181641e+00
4.735123634338378906e+00
5.035519599914550781e+00
4.745709419250488281e+00
4.879276275634765625e+00
5.132026195526123047e+00
5.085416793823242188e+00
5.371667385101318359e+00
5.660898208618164062e+00
5.362178802490234375e+00
4.835105895996093750e+00
5.121099948883056641e+00
5.484702110290527344e+00
4.087954044342041016e+00
5.808341979980468750e+00
5.334451675415039062e+00
4.779482841491699219e+00
4.794282913208007812e+00
4.770852565765380859e+00
4.972295284271240234e+00
4.537244319915771484e+00
5.290620803833007812e+00
5.433573246002197266e+00
4.498522758483886719e+00
5.561051845550537109e+00
6.026381492614746094e+00
5.891469478607177734e+00
4.849700450897216797e+00
5.106934070587158203e+00
5.107653617858886719e+00
4.505780696868896484e+00
4.873908042907714844e+00
4.537024021148681641e+00
4.087624073028564453e+00
4.848490715026855469e+00
4.911798954010009766e+00
5.801361083984375000e+00
4.926511764526367188e+00
5.481112957000732422e+00
4.289121150970458984e+00
4.564767360687255859e+00
5.267430782318115234e+00
5.086964607238769531e+00
4.095697402954101562e+00
4.806044101715087891e+00
5.277637481689453125e+00
5.021617412567138672e+00
4.659693717956542969e+00
3.888417005538940430e+00
4.062592506408691406e+00
4.662780761718750000e+00
5.084617137908935547e+00
5.426225185394287109e+00
4.717947483062744141e+00
6.068819999694824219e+00
5.573330879211425781e+00
5.501165866851806641e+00
5.684784889221191406e+00
4.831078052520751953e+00
5.096154212951660156e+00
5.845718383789062500e+00
5.550306797027587891e+00
4.359832286834716797e+00
4.613374233245849609e+00
4.525079727172851562e+00
4.981963634490966797e+00
5.576403141021728516e+00
5.148493766784667969e+00
4.986701965332031250e+00
5.263938903808593750e+00
4.571553230285644531e+00
5.281726360321044922e+00
4.236742496490478516e+00
4.611036777496337891e+00
5.206695556640625000e+00
5.017446517944335938e+00
6.298323631286621094e+00
6.317459583282470703e+00
4.200863838195800781e+00
5.692426681518554688e+00
4.579134941101074219e+00
5.159929275512695312e+00
5.097504138946533203e+00
4.956231117248535156e+00
4.438369274139404297e+00
5.410577297210693359e+00
5.457314014434814453e+00
4.483953475952148438e+00
5.008730888366699219e+00
5.129637241363525391e+00
4.412667274475097656e+00
4.948641300201416016e+00
4.898084163665771484e+00
4.947299480438232422e+00
5.298215866088867188e+00
4.544416427612304688e+00
4.940774917602539062e+00
4.797378540039062500e+00
4.324529647827148438e+00
6.364923000335693359e+00
5.131176471710205078e+00
6.540896415710449219e+00
5.043796539306640625e+00
4.790025234222412109e+00
5.222640514373779297e+00
4.584280967712402344e+00
4.990006923675537109e+00
5.138636589050292969e+00
4.377212524414062500e+00
4.870703697204589844e+00
4.651030540466308594e+00
5.164343833923339844e+00
4.953362464904785156e+00
5.698579788208007812e+00
4.793399810791015625e+00
4.004418849945068359e+00
4.524055480957031250e+00
4.583302021026611328e+00
4.801459312438964844e+00
5.348774909973144531e+00
6.468920707702636719e+00
5.663687705993652344e+00
5.108520030975341797e+00
4.369795799255371094e+00
4.814113140106201172e+00
4.606059074401855469e+00
5.178474426269531250e+00
4.672874450683593750e+00
4.197193622589111328e+00
5.033835887908935547e+00
5.880482673645019531e+00
5.353032112121582031e+00
4.113604545593261719e+00
4.335057735443115234e+00
4.469082832336425781e+00
5.751224517822265625e+00
4.889860153198242188e+00
5.659951210021972656e+00
4.931889533996582031e+00
6.196991443634033203e+00
4.461386203765869141e+00
4.688176631927490234e+00
5.160595417022705078e+00
5.960278511047363281e+00
4.200660705566406250e+00
5.243918418884277344e+00
4.253547191619873047e+00
4.588262081146240234e+00
4.873380184173583984e+00
5.338269710540771484e+00
4.548186302185058594e+00
5.215552806854248047e+00
4.436863422393798828e+00
4.908884525299072266e+00
3.982515335083007812e+00
4.722156524658203125e+00
4.532564163208007812e+00
5.431149005889892578e+00
5.342998504638671875e+00
4.539905548095703125e+00
4.440610408782958984e+00
4.627080440521240234e+00
5.071445465087890625e+00
5.315769195556640625e+00
5.018717765808105469e+00
4.965727329254150391e+00
5.260142803192138672e+00
4.628230094909667969e+00
6.287057876586914062e+00
6.276689052581787109e+00
5.458652496337890625e+00
4.981514930725097656e+00
4.221307277679443359e+00
4.721777915954589844e+00
4.534009933471679688e+00
4.592074394226074219e+00
4.217524528503417969e+00
4.389488220214843750e+00
4.256274700164794922e+00
4.891798973083496094e+00
5.704561233520507812e+00
5.129885196685791016e+00
5.275794982910156250e+00
4.529822349548339844e+00
4.425855159759521484e+00
5.534198284149169922e+00
5.334015369415283203e+00
4.604516506195068359e+00
4.423687934875488281e+00
5.477557182312011719e+00
5.389882564544677734e+00
4.540884971618652344e+00
4.631772994995117188e+00
4.428664684295654297e+00
4.913400173187255859e+00
4.763540744781494141e+00
5.046223163604736328e+00
5.193732261657714844e+00
4.365289211273193359e+00
4.434104919433593750e+00
4.857492923736572266e+00
5.054561614990234375e+00
4.306511402130126953e+00
5.080272674560546875e+00
4.984906196594238281e+00
4.904395103454589844e+00
4.988340377807617188e+00
5.197175979614257812e+00
5.210672855377197266e+00
5.545278549194335938e+00
4.314820766448974609e+00
5.113090991973876953e+00
4.914165496826171875e+00
4.315469264984130859e+00
4.638113498687744141e+00
4.927951812744140625e+00
4.066954135894775391e+00
4.613185882568359375e+00
5.173184394836425781e+00
4.807319164276123047e+00
4.599542140960693359e+00
5.234509468078613281e+00
4.714909553527832031e+00
5.122629642486572266e+00
4.911263465881347656e+00
5.977316379547119141e+00
6.127197265625000000e+00
4.970963001251220703e+00
5.879667758941650391e+00
4.933966159820556641e+00
4.983943462371826172e+00
5.277673244476318359e+00
5.389593124389648438e+00
5.375998020172119141e+00
5.539480686187744141e+00
5.157275199890136719e+00
5.228546142578125000e+00
5.125298023223876953e+00
5.564593791961669922e+00
4.963297843933105469e+00
4.889430999755859375e+00
5.246365070343017578e+00
5.188405990600585938e+00
5.188182830810546875e+00
4.642735958099365234e+00
5.223796844482421875e+00
4.991995811462402344e+00
5.071799755096435547e+00
5.193430900573730469e+00
4.946289062500000000e+00
5.976590633392333984e+00
4.843148231506347656e+00
6.203434467315673828e+00
5.328016757965087891e+00
4.787891864776611328e+00
5.586352348327636719e+00
5.010450363159179688e+00
5.469007492065429688e+00
5.263319969177246094e+00
6.520674228668212891e+00
5.249463558197021484e+00
5.334558486938476562e+00
5.413692951202392578e+00
5.565042495727539062e+00
4.630917072296142578e+00
4.430858612060546875e+00
4.918210029602050781e+00
5.155793190002441406e+00
5.205871582031250000e+00
5.272633552551269531e+00
4.909985542297363281e+00
6.026043415069580078e+00
4.632394790649414062e+00
5.166249752044677734e+00
4.345886707305908203e+00
4.582856655120849609e+00
4.890885829925537109e+00
5.079696655273437500e+00
5.419530868530273438e+00
5.070022583007812500e+00
5.920521736145019531e+00
5.547542572021484375e+00
4.658095836639404297e+00
5.385457038879394531e+00
4.616219043731689453e+00
4.902462959289550781e+00
5.018333435058593750e+00
4.073451519012451172e+00
5.335746765136718750e+00
4.764489173889160156e+00
4.355087280273437500e+00
5.474895000457763672e+00
5.023669719696044922e+00
5.178265571594238281e+00
5.004122734069824219e+00
5.338583946228027344e+00
4.694716453552246094e+00
5.523694038391113281e+00
6.027856349945068359e+00
4.566449165344238281e+00
5.340859889984130859e+00
4.343472003936767578e+00
4.899907588958740234e+00
4.089702606201171875e+00
4.886012554168701172e+00
5.097195625305175781e+00
5.490112304687500000e+00
5.297144412994384766e+00
5.764722824096679688e+00
5.482517719268798828e+00
5.973673820495605469e+00
5.304115772247314453e+00
4.969860553741455078e+00
4.280288219451904297e+00
5.320694446563720703e+00
5.526994228363037109e+00
4.198294639587402344e+00
4.556266307830810547e+00
5.048228263854980469e+00
4.710472106933593750e+00
4.605931282043457031e+00
4.591583251953125000e+00
3.928499221801757812e+00
5.170094013214111328e+00
4.697280406951904297e+00
4.490102291107177734e+00
4.937717914581298828e+00
6.019589424133300781e+00
5.053194046020507812e+00
5.040430068969726562e+00
5.144584178924560547e+00
5.307282447814941406e+00
4.220221996307373047e+00
5.378828525543212891e+00
4.600940227508544922e+00
4.830515861511230469e+00
5.138546943664550781e+00
5.221617221832275391e+00
4.467325210571289062e+00
5.091402053833007812e+00
4.617237091064453125e+00
4.356736660003662109e+00
5.061611652374267578e+00
6.006905555725097656e+00
5.056855678558349609e+00
5.444740295410156250e+00
4.112774372100830078e+00
5.513555526733398438e+00
5.117982864379882812e+00
4.454272747039794922e+00
5.559113979339599609e+00
5.132928848266601562e+00
5.502139091491699219e+00
6.475227832794189453e+00
5.380718708038330078e+00
5.481109142303466797e+00
5.437748908996582031e+00
4.820279598236083984e+00
5.786855697631835938e+00
5.595163822174072266e+00
4.539885997772216797e+00
4.953660011291503906e+00
6.102863311767578125e+00
5.614370346069335938e+00
6.021190166473388672e+00
4.723851680755615234e+00
5.097967147827148438e+00
4.614542007446289062e+00
4.858205795288085938e+00
4.902154922485351562e+00
5.158244609832763672e+00
4.821909904479980469e+00
6.067963600158691406e+00
5.292708873748779297e+00
5.287646770477294922e+00
4.753518581390380859e+00
4.881702899932861328e+00
4.593809127807617188e+00
5.286848545074462891e+00
4.900603294372558594e+00
4.968749523162841797e+00
4.780790328979492188e+00
5.624118804931640625e+00
5.214191913604736328e+00
4.629391193389892578e+00
5.348722457885742188e+00
4.710834026336669922e+00
5.811666488647460938e+00
5.217123031616210938e+00
6.191038131713867188e+00
5.584938049316406250e+00
5.473978996276855469e+00
4.494463920593261719e+00
4.477153301239013672e+00
5.624508380889892578e+00
5.730563163757324219e+00
5.440503120422363281e+00
5.080283164978027344e+00
4.855109691619873047e+00
4.876340866088867188e+00
5.563505172729492188e+00
5.399953842163085938e+00
5.108726501464843750e+00
5.546577453613281250e+00
4.999325275421142578e+00
4.644273757934570312e+00
5.236150741577148438e+00
4.875896930694580078e+00
5.011154651641845703e+00
4.596961498260498047e+00
4.891367912292480469e+00
4.260788440704345703e+00
5.555178642272949219e+00
4.381482601165771484e+00
5.454418659210205078e+00
4.686231136322021484e+00
5.268525123596191406e+00
4.343610286712646484e+00
5.251535415649414062e+00
5.497808933258056641e+00
4.390726089477539062e+00
4.667777061462402344e+00
5.057188510894775391e+00
4.797366142272949219e+00
4.776242256164550781e+00
4.049698352813720703e+00
5.006022930145263672e+00
5.505923271179199219e+00
4.746891498565673828e+00
4.777372837066650391e+00
5.549979209899902344e+00
4.606093406677246094e+00
4.422235965728759766e+00
5.510537147521972656e+00
5.154636383056640625e+00
5.479298114776611328e+00
5.033239841461181641e+00
4.596786022186279297e+00
4.763889312744140625e+00
5.251292228698730469e+00
6.652517318725585938e+00
5.409674644470214844e+00
4.883019447326660156e+00
5.670387268066406250e+00
5.338799953460693359e+00
4.463954925537109375e+00
4.931316375732421875e+00
4.594731807708740234e+00
4.827046394348144531e+00
5.483085632324218750e+00
5.490942955017089844e+00
6.159372329711914062e+00
4.580930709838867188e+00
4.965961933135986328e+00
4.898941040039062500e+00
4.941835403442382812e+00
5.395531654357910156e+00
4.603516101837158203e+00
5.424193382263183594e+00
5.608987808227539062e+00
6.262290477752685547e+00
4.966076850891113281e+00
5.338844776153564453e+00
4.954698085784912109e+00
5.020282745361328125e+00
4.547864913940429688e+00
4.901260852813720703e+00
4.832251548767089844e+00
4.741495609283447266e+00
5.185732364654541016e+00
4.912232875823974609e+00
4.928673267364501953e+00
5.128356933593750000e+00
5.312874794006347656e+00
5.134968757629394531e+00
5.873886108398437500e+00
5.472262382507324219e+00
5.294011592864990234e+00
6.162428379058837891e+00
4.179017066955566406e+00
5.769165039062500000e+00
5.323715686798095703e+00
5.070294857025146484e+00
5.069463729858398438e+00
5.526763916015625000e+00
5.049594402313232422e+00
5.523646831512451172e+00
6.080735683441162109e+00
4.297653198242187500e+00
4.506142616271972656e+00
5.222491741180419922e+00
4.921411514282226562e+00
4.517796039581298828e+00
5.226456642150878906e+00
4.276973247528076172e+00
4.936561107635498047e+00
5.131912231445312500e+00
4.826466083526611328e+00
5.449230194091796875e+00
4.815777778625488281e+00
4.960152149200439453e+00
5.109215259552001953e+00
4.663558006286621094e+00
4.519918441772460938e+00
5.365209579467773438e+00
4.813421726226806641e+00
5.434329509735107422e+00
5.176192760467529297e+00
5.073225975036621094e+00
5.569391250610351562e+00
5.691328525543212891e+00
5.299042701721191406e+00
4.936837196350097656e+00
5.062197685241699219e+00
4.934690475463867188e+00
4.402964591979980469e+00
5.123312950134277344e+00
5.764937400817871094e+00
5.062787055969238281e+00
4.534202098846435547e+00
4.757906436920166016e+00
5.948427677154541016e+00
5.125743389129638672e+00
5.226462841033935547e+00
4.233006477355957031e+00
5.717697143554687500e+00
4.989398956298828125e+00
5.142885208129882812e+00
5.046985149383544922e+00
5.161736011505126953e+00
4.512049674987792969e+00
4.517346382141113281e+00
4.649634361267089844e+00
5.308493137359619141e+00
5.411617279052734375e+00
5.007348060607910156e+00
4.846454143524169922e+00
4.903943538665771484e+00
4.855099678039550781e+00
6.481649875640869141e+00
5.018832683563232422e+00
5.183444976806640625e+00
5.343813896179199219e+00
4.086364746093750000e+00
5.260258197784423828e+00
5.185172080993652344e+00
4.458236694335937500e+00
5.435170173645019531e+00
4.907447338104248047e+00
5.515461921691894531e+00
4.817861080169677734e+00
5.447583198547363281e+00
5.348329067230224609e+00
4.633204460144042969e+00
5.186045646667480469e+00
5.508838176727294922e+00
5.392815589904785156e+00
4.574211120605468750e+00
5.032735824584960938e+00
5.033997535705566406e+00
6.109293937683105469e+00
4.980654239654541016e+00
4.748095512390136719e+00
5.012413501739501953e+00
4.890904903411865234e+00
5.011440277099609375e+00
4.521530151367187500e+00
5.466202735900878906e+00
5.590556621551513672e+00
4.293245315551757812e+00
5.670973300933837891e+00
5.080951213836669922e+00
5.653088569641113281e+00
4.648744106292724609e+00
5.426055908203125000e+00
5.049727439880371094e+00
4.972435951232910156e+00
5.753349304199218750e+00
4.675273895263671875e+00
4.268331527709960938e+00
5.608488082885742188e+00
5.014385223388671875e+00
5.963989257812500000e+00
4.856396675109863281e+00
5.337196826934814453e+00
5.926777362823486328e+00
5.300498485565185547e+00
5.816559791564941406e+00
4.924527645111083984e+00
5.105002880096435547e+00
4.891461849212646484e+00
5.190668106079101562e+00
4.643255233764648438e+00
4.277703285217285156e+00
5.364988803863525391e+00
5.107515811920166016e+00
5.251442432403564453e+00
5.053989887237548828e+00
4.897912502288818359e+00
5.594736099243164062e+00
4.539610862731933594e+00
4.960478782653808594e+00
4.602375030517578125e+00
4.821759223937988281e+00
4.972328662872314453e+00
4.955773353576660156e+00
5.449432849884033203e+00
6.145083904266357422e+00
5.182532310485839844e+00
5.115325450897216797e+00
4.850286006927490234e+00
5.397652149200439453e+00
5.473240375518798828e+00
4.844492912292480469e+00
4.749465942382812500e+00
4.756145000457763672e+00
4.465834140777587891e+00
4.824696540832519531e+00
5.178050518035888672e+00
5.105994224548339844e+00
5.251959800720214844e+00
5.294426918029785156e+00
5.153951644897460938e+00
5.523994922637939453e+00
5.250227451324462891e+00
5.880853176116943359e+00
5.531011581420898438e+00
5.142348289489746094e+00
4.067480564117431641e+00
4.660790443420410156e+00
4.250351905822753906e+00
5.015084743499755859e+00
4.784784317016601562e+00
5.041583538055419922e+00
5.613134384155273438e+00
4.282097816467285156e+00
4.407091617584228516e+00
4.231925010681152344e+00
5.730952739715576172e+00
4.735344409942626953e+00
4.964590072631835938e+00
4.275572776794433594e+00
4.719809055328369141e+00
5.505373001098632812e+00
4.238775253295898438e+00
4.896302700042724609e+00
5.419637203216552734e+00
5.632471084594726562e+00
4.147908210754394531e+00
5.383306503295898438e+00
4.467803001403808594e+00
4.826771259307861328e+00
5.395930767059326172e+00
4.645771503448486328e+00
5.704339027404785156e+00
4.442277431488037109e+00
5.265544414520263672e+00
5.612776756286621094e+00
4.651093482971191406e+00
5.986055374145507812e+00
5.022309780120849609e+00
5.205933094024658203e+00
5.639476299285888672e+00
4.441778182983398438e+00
5.362308025360107422e+00
5.018454074859619141e+00
5.538033008575439453e+00
5.591169834136962891e+00
4.875926494598388672e+00
5.611963748931884766e+00
5.255033969879150391e+00
4.566844940185546875e+00
5.083704948425292969e+00
4.544362068176269531e+00
5.969801902770996094e+00
4.979994297027587891e+00
4.931150913238525391e+00
5.294109821319580078e+00
4.766350746154785156e+00
4.279932975769042969e+00
4.787935256958007812e+00
4.843680381774902344e+00
4.930946826934814453e+00
5.074114799499511719e+00
5.666294097900390625e+00
4.220101833343505859e+00
4.916032314300537109e+00
4.480899333953857422e+00
5.410897731781005859e+00
5.069992542266845703e+00
4.978658676147460938e+00
5.026640415191650391e+00
5.795316696166992188e+00
5.012968540191650391e+00
4.342071056365966797e+00
5.452323436737060547e+00
4.517952919006347656e+00
4.484362125396728516e+00
6.332135677337646484e+00
4.756795406341552734e+00
5.676419258117675781e+00
5.319822311401367188e+00
6.557345390319824219e+00
4.552675724029541016e+00
4.979686260223388672e+00
5.081746578216552734e+00
4.806911945343017578e+00
5.226284027099609375e+00
4.947926521301269531e+00
5.216524124145507812e+00
5.118380069732666016e+00
5.059615612030029297e+00
5.060615539550781250e+00
6.087263584136962891e+00
5.011054992675781250e+00
4.782685756683349609e+00
4.987278461456298828e+00
4.722240447998046875e+00
5.020137786865234375e+00
5.153680801391601562e+00
5.215210914611816406e+00
4.928919792175292969e+00
5.247107982635498047e+00
4.236131191253662109e+00
5.358985900878906250e+00
4.984377861022949219e+00
4.852927207946777344e+00
5.380567550659179688e+00
4.733125686645507812e+00
5.035717964172363281e+00
4.652914524078369141e+00
5.204247474670410156e+00
4.084008693695068359e+00
4.985720634460449219e+00
4.656764984130859375e+00
4.355637073516845703e+00
4.375368595123291016e+00
4.979784965515136719e+00
4.880779266357421875e+00
4.905315876007080078e+00
4.769948959350585938e+00
4.540986061096191406e+00
4.344531536102294922e+00
4.629756927490234375e+00
5.202214717864990234e+00
5.540902614593505859e+00
5.196128845214843750e+00
4.979712009429931641e+00
4.923404216766357422e+00
4.854254245758056641e+00
5.317970752716064453e+00
4.777432918548583984e+00
5.772889137268066406e+00
5.712533950805664062e+00
3.947227239608764648e+00
5.437685966491699219e+00
5.458073616027832031e+00
4.559579372406005859e+00
5.615806579589843750e+00
5.049561023712158203e+00
4.335668563842773438e+00
4.917231559753417969e+00
5.522407054901123047e+00
5.945418357849121094e+00
4.923698902130126953e+00
5.386453628540039062e+00
4.417448520660400391e+00
4.880387783050537109e+00
5.047654151916503906e+00
6.220063209533691406e+00
4.985091686248779297e+00
5.437396526336669922e+00
5.692596435546875000e+00
5.669592857360839844e+00
5.494822502136230469e+00
5.311146736145019531e+00
5.328865528106689453e+00
5.010960102081298828e+00
4.650379180908203125e+00
4.291032791137695312e+00
5.179405212402343750e+00
5.570534706115722656e+00
4.902250766754150391e+00
5.317364215850830078e+00
4.315730571746826172e+00
5.646674633026123047e+00
5.765959262847900391e+00
5.256695270538330078e+00
5.946796417236328125e+00
4.750431537628173828e+00
5.491460323333740234e+00
5.206346511840820312e+00
6.181342124938964844e+00
4.668216705322265625e+00
5.023472785949707031e+00
5.147186279296875000e+00
4.831593513488769531e+00
4.667275905609130859e+00
4.986497402191162109e+00
4.730960369110107422e+00
5.317517280578613281e+00
5.184814453125000000e+00
5.099464893341064453e+00
5.187315464019775391e+00
5.031139373779296875e+00
4.612392902374267578e+00
5.795820713043212891e+00
4.476244926452636719e+00
4.470358848571777344e+00
5.987746238708496094e+00
5.055557250976562500e+00
5.511311054229736328e+00
5.510140419006347656e+00
5.318993568420410156e+00
4.634936332702636719e+00
6.622422218322753906e+00
5.301850318908691406e+00
5.048319339752197266e+00
4.458621501922607422e+00
5.416429042816162109e+00
4.251637935638427734e+00
5.276104927062988281e+00
4.926693916320800781e+00
4.720727920532226562e+00
4.828088760375976562e+00
5.225367546081542969e+00
5.907053947448730469e+00
5.569938659667968750e+00
5.270608901977539062e+00
4.651391506195068359e+00
4.996189117431640625e+00
5.799481868743896484e+00
6.163923263549804688e+00
5.956967353820800781e+00
5.600283145904541016e+00
4.453928947448730469e+00
4.524469852447509766e+00
5.359341621398925781e+00
5.679096698760986328e+00
4.758427619934082031e+00
4.709400653839111328e+00
6.175339698791503906e+00
5.749467372894287109e+00
4.645783901214599609e+00
5.250072956085205078e+00
4.917377471923828125e+00
4.423925399780273438e+00
5.408408164978027344e+00
4.142910003662109375e+00
4.425092697143554688e+00
5.364825248718261719e+00
5.848118782043457031e+00
5.237459659576416016e+00
5.371994972229003906e+00
5.406996726989746094e+00
5.757184505462646484e+00
5.540951251983642578e+00
5.437194824218750000e+00
4.690782546997070312e+00
5.740176200866699219e+00
5.886454105377197266e+00
5.500989437103271484e+00
4.512642383575439453e+00
4.954794406890869141e+00
5.025974750518798828e+00
4.844110965728759766e+00
4.328993320465087891e+00
4.571347236633300781e+00
5.630193710327148438e+00
6.549059867858886719e+00
5.571046829223632812e+00
4.264465332031250000e+00
5.108307361602783203e+00
5.704796314239501953e+00
5.507172584533691406e+00
4.943788528442382812e+00
5.241219997406005859e+00
5.283095836639404297e+00
5.801497459411621094e+00
5.185121059417724609e+00
6.251173019409179688e+00
7.277610301971435547e+00
5.567581176757812500e+00
5.605395317077636719e+00
5.189802169799804688e+00
4.886643409729003906e+00
5.210714817047119141e+00
3.943727731704711914e+00
5.330785751342773438e+00
5.063188076019287109e+00
5.868589878082275391e+00
5.581604003906250000e+00
4.699804782867431641e+00
4.679980754852294922e+00
4.870411396026611328e+00
5.105929374694824219e+00
5.474462509155273438e+00
6.414423465728759766e+00
5.954876422882080078e+00
4.573607921600341797e+00
5.329878330230712891e+00
5.463732719421386719e+00
6.252005577087402344e+00
5.368352890014648438e+00
4.864409446716308594e+00
4.444226264953613281e+00
5.887642383575439453e+00
5.211586475372314453e+00
5.683025836944580078e+00
4.688756942749023438e+00
4.808860778808593750e+00
4.297881126403808594e+00
5.462670326232910156e+00
5.057062149047851562e+00
5.226987838745117188e+00
4.778252601623535156e+00
5.502387523651123047e+00
5.601387500762939453e+00
5.566641807556152344e+00
4.132595062255859375e+00
4.896612644195556641e+00
5.043131828308105469e+00
4.908681869506835938e+00
4.740323543548583984e+00
5.901677608489990234e+00
5.882412433624267578e+00
4.768272399902343750e+00
3.928754568099975586e+00
5.722300052642822266e+00
5.276577472686767578e+00
5.720135688781738281e+00
5.590331077575683594e+00
4.276874065399169922e+00
6.081552982330322266e+00
5.694288730621337891e+00
5.599564552307128906e+00
5.142454147338867188e+00
6.483781814575195312e+00
5.691861629486083984e+00
5.385822296142578125e+00
6.222883224487304688e+00
5.902125358581542969e+00
5.774818897247314453e+00
4.522702217102050781e+00
4.710706233978271484e+00
4.736033439636230469e+00
4.547820568084716797e+00
6.365906238555908203e+00
4.441812038421630859e+00
4.901065826416015625e+00
5.649886131286621094e+00
4.550768852233886719e+00
5.271608829498291016e+00
4.536254405975341797e+00
4.473524093627929688e+00
5.337347984313964844e+00
6.107453346252441406e+00
4.642936229705810547e+00
5.029138565063476562e+00
4.763370037078857422e+00
5.244988441467285156e+00
5.093305110931396484e+00
4.984838962554931641e+00
4.858562946319580078e+00
5.441742420196533203e+00
4.820232391357421875e+00
5.337316513061523438e+00
5.697612762451171875e+00
4.910725116729736328e+00
5.123338699340820312e+00
5.038938045501708984e+00
4.976995944976806641e+00
4.349231243133544922e+00
4.387745857238769531e+00
4.871182441711425781e+00
4.757206439971923828e+00
4.701313495635986328e+00
5.301758289337158203e+00
4.845218658447265625e+00
4.959093093872070312e+00
5.207021236419677734e+00
4.683004856109619141e+00
5.271734714508056641e+00
4.859467983245849609e+00
5.186314582824707031e+00
5.301204204559326172e+00
5.529811859130859375e+00
5.603569030761718750e+00
4.810375213623046875e+00
4.582575321197509766e+00
4.450203895568847656e+00
4.635663986206054688e+00
5.197521209716796875e+00
4.796176433563232422e+00
4.725459575653076172e+00
4.889423847198486328e+00
5.561936855316162109e+00
4.713644981384277344e+00
5.085718631744384766e+00
4.362360954284667969e+00
5.218276023864746094e+00
5.469852924346923828e+00
5.834185600280761719e+00
5.705886363983154297e+00
5.423652648925781250e+00
5.391688346862792969e+00
4.892817497253417969e+00
5.797773838043212891e+00
5.651401519775390625e+00
5.732800483703613281e+00
4.869906902313232422e+00
4.507147789001464844e+00
5.568785667419433594e+00
5.048653602600097656e+00
5.025716304779052734e+00
6.025812625885009766e+00
5.296608448028564453e+00
4.427347183227539062e+00
4.879727363586425781e+00
5.036528587341308594e+00
5.430707454681396484e+00
4.871615886688232422e+00
4.263640880584716797e+00
5.714708805084228516e+00
5.144787788391113281e+00
5.599531173706054688e+00
5.474874973297119141e+00
4.454056739807128906e+00
5.192463874816894531e+00
5.287981986999511719e+00
3.924795866012573242e+00
4.645275592803955078e+00
5.286148548126220703e+00
5.181687831878662109e+00
5.077032566070556641e+00
4.938856124877929688e+00
5.177326679229736328e+00
5.658599376678466797e+00
4.356476783752441406e+00
5.337285995483398438e+00
5.590022087097167969e+00
4.122664451599121094e+00
4.949027061462402344e+00
5.018801689147949219e+00
5.255566120147705078e+00
5.402183532714843750e+00
4.955252647399902344e+00
5.287555694580078125e+00
6.049145698547363281e+00
5.314927577972412109e+00
4.726622104644775391e+00
4.626911163330078125e+00
4.959821224212646484e+00
5.088412284851074219e+00
4.597949981689453125e+00
6.288126468658447266e+00
4.928209781646728516e+00
4.640757083892822266e+00
5.719001770019531250e+00
5.147571086883544922e+00
5.077861309051513672e+00
4.584250450134277344e+00
4.897289276123046875e+00
5.228379249572753906e+00
5.192430973052978516e+00
5.856535434722900391e+00
5.069585323333740234e+00
5.547154903411865234e+00
5.000769138336181641e+00
5.809128284454345703e+00
4.656058311462402344e+00
5.654640197753906250e+00
4.667793273925781250e+00
4.617342948913574219e+00
4.705282211303710938e+00
4.714999675750732422e+00
5.276700019836425781e+00
4.717217445373535156e+00
4.877061843872070312e+00
4.453569889068603516e+00
5.096880435943603516e+00
5.139050483703613281e+00
5.113413333892822266e+00
5.407607555389404297e+00
4.587724208831787109e+00
4.848302841186523438e+00
4.811762332916259766e+00
4.509071350097656250e+00
5.312786579132080078e+00
6.561999797821044922e+00
5.576112747192382812e+00
4.265199661254882812e+00
5.601993560791015625e+00
4.551644802093505859e+00
4.871659755706787109e+00
4.984758853912353516e+00
5.050083637237548828e+00
5.554753780364990234e+00
5.134701251983642578e+00
5.280085086822509766e+00
4.364200115203857422e+00
4.865345001220703125e+00
4.611827850341796875e+00
4.347889423370361328e+00
4.202969074249267578e+00
4.178656578063964844e+00
4.850203514099121094e+00
4.990823745727539062e+00
4.779601573944091797e+00
6.093477249145507812e+00
5.210490703582763672e+00
4.776683807373046875e+00
4.742493152618408203e+00
5.114930629730224609e+00
4.647824287414550781e+00
4.538074016571044922e+00
5.221138477325439453e+00
4.146350383758544922e+00
4.763289451599121094e+00
4.746323108673095703e+00
5.049412250518798828e+00
5.105013847351074219e+00
5.464003562927246094e+00
6.316434383392333984e+00
4.221148490905761719e+00
4.684064865112304688e+00
4.675781726837158203e+00
6.279163360595703125e+00
4.912883281707763672e+00
4.540538311004638672e+00
4.987291336059570312e+00
5.126899242401123047e+00
4.416280746459960938e+00
5.631691932678222656e+00
4.444548606872558594e+00
5.277537822723388672e+00
5.232934474945068359e+00
4.259460449218750000e+00
4.687314033508300781e+00
5.542010307312011719e+00
5.206340789794921875e+00
4.967686176300048828e+00
4.858416557312011719e+00
4.336417675018310547e+00
4.689477443695068359e+00
5.591539859771728516e+00
5.657818794250488281e+00
5.127420902252197266e+00
6.211428165435791016e+00
5.120399951934814453e+00
4.992902755737304688e+00
6.380465507507324219e+00
5.063300132751464844e+00
4.993663787841796875e+00
4.683846473693847656e+00
5.142687797546386719e+00
5.561300277709960938e+00
4.152713298797607422e+00
4.397105216979980469e+00
4.611105442047119141e+00
4.405673027038574219e+00
4.831472396850585938e+00
4.536150932312011719e+00
5.288513183593750000e+00
5.133513927459716797e+00
5.244478702545166016e+00
4.126606941223144531e+00
5.107539653778076172e+00
5.215133190155029297e+00
5.381239891052246094e+00
4.812735080718994141e+00
4.424836635589599609e+00
5.955458641052246094e+00
5.050180435180664062e+00
4.828504562377929688e+00
4.837131023406982422e+00
4.786395072937011719e+00
5.701150417327880859e+00
4.281780242919921875e+00
5.515355587005615234e+00
5.260773658752441406e+00
6.101418018341064453e+00
5.360521316528320312e+00
6.277056217193603516e+00
5.932172775268554688e+00
4.845646381378173828e+00
4.917869567871093750e+00
6.066421031951904297e+00
4.773663520812988281e+00
4.481820583343505859e+00
4.728207111358642578e+00
4.014378547668457031e+00
5.356990337371826172e+00
5.017224788665771484e+00
4.323829650878906250e+00
4.472342491149902344e+00
6.006752967834472656e+00
5.256035327911376953e+00
4.796990871429443359e+00
4.719895362854003906e+00
5.089140892028808594e+00
4.417192459106445312e+00
3.976714372634887695e+00
6.339474678039550781e+00
4.793583869934082031e+00
4.375019073486328125e+00
4.798075675964355469e+00
5.093080520629882812e+00
5.429795265197753906e+00
4.223059654235839844e+00
5.954870700836181641e+00
5.891339302062988281e+00
4.915236949920654297e+00
5.028727054595947266e+00
5.362339496612548828e+00
5.601267337799072266e+00
5.070227146148681641e+00
4.517901420593261719e+00
4.584465026855468750e+00
5.413992881774902344e+00
4.888545513153076172e+00
5.238686561584472656e+00
5.516546726226806641e+00
5.025511741638183594e+00
5.895367145538330078e+00
4.473310470581054688e+00
4.928881645202636719e+00
4.581416130065917969e+00
5.155456542968750000e+00
4.805967330932617188e+00
5.056605815887451172e+00
5.647376537322998047e+00
4.527227878570556641e+00
6.305655479431152344e+00
4.706044197082519531e+00
5.006515026092529297e+00
5.443733692169189453e+00
5.567327499389648438e+00
6.149385452270507812e+00
4.788911342620849609e+00
5.416051864624023438e+00
4.481405258178710938e+00
7.531777858734130859e+00
5.259417533874511719e+00
4.133609294891357422e+00
4.661295890808105469e+00
4.858213424682617188e+00
5.087689876556396484e+00
4.988712310791015625e+00
4.944557189941406250e+00
4.825363159179687500e+00
5.232030391693115234e+00
5.813816547393798828e+00
4.728096008300781250e+00
4.625873088836669922e+00
4.629917621612548828e+00
5.942412853240966797e+00
5.704171180725097656e+00
5.710619926452636719e+00
5.273476123809814453e+00
4.274998664855957031e+00
4.810345172882080078e+00
4.845031738281250000e+00
4.845821857452392578e+00
4.806146621704101562e+00
4.005846977233886719e+00
5.227176189422607422e+00
5.008619308471679688e+00
4.428683757781982422e+00
4.289911746978759766e+00
5.280452728271484375e+00
5.134008884429931641e+00
5.097878456115722656e+00
4.253472805023193359e+00
5.362823486328125000e+00
4.423775196075439453e+00
4.275699138641357422e+00
5.446430683135986328e+00
5.413893699645996094e+00
4.654374599456787109e+00
5.232652664184570312e+00
4.359058380126953125e+00
4.933850288391113281e+00
5.616842746734619141e+00
5.177060604095458984e+00
5.236678123474121094e+00
6.088151931762695312e+00
5.756063938140869141e+00
4.450685024261474609e+00
5.565425872802734375e+00
5.500443935394287109e+00
4.531482219696044922e+00
4.109213352203369141e+00
5.274485588073730469e+00
5.386044025421142578e+00
4.576660633087158203e+00
5.119957447052001953e+00
5.114521503448486328e+00
5.535881519317626953e+00
4.572691440582275391e+00
4.599072933197021484e+00
5.523011207580566406e+00
5.305752754211425781e+00
6.481014251708984375e+00
4.704723834991455078e+00
4.077195644378662109e+00
4.579329013824462891e+00
4.792979717254638672e+00
5.050031185150146484e+00
5.437857627868652344e+00
5.286293506622314453e+00
4.767727375030517578e+00
5.025028228759765625e+00
4.923740863800048828e+00
5.115240097045898438e+00
4.537895202636718750e+00
4.686267852783203125e+00
5.098693847656250000e+00
4.605514526367187500e+00
6.010424613952636719e+00
4.602839946746826172e+00
4.869944572448730469e+00
5.007871150970458984e+00
5.135411262512207031e+00
5.352377891540527344e+00
5.148971080780029297e+00
4.581175804138183594e+00
4.786735534667968750e+00
5.746755599975585938e+00
5.347975730895996094e+00
5.876316070556640625e+00
5.393323898315429688e+00
5.899677276611328125e+00
5.143377304077148438e+00
4.935224056243896484e+00
4.723116874694824219e+00
4.321015834808349609e+00
6.534280300140380859e+00
6.327192783355712891e+00
5.931562423706054688e+00
5.339952945709228516e+00
4.463922500610351562e+00
5.773169040679931641e+00
4.394052982330322266e+00
4.481806278228759766e+00
5.419472694396972656e+00
5.187402248382568359e+00
4.886925697326660156e+00
5.415043830871582031e+00
5.393270969390869141e+00
5.199320316314697266e+00
4.623978137969970703e+00
4.605123043060302734e+00
5.666593551635742188e+00
4.370961189270019531e+00
4.835860729217529297e+00
6.022920608520507812e+00
5.651975154876708984e+00
5.439048290252685547e+00
5.263659477233886719e+00
5.067798137664794922e+00
4.989938259124755859e+00
5.770605564117431641e+00
4.916837692260742188e+00
5.285526275634765625e+00
5.216250419616699219e+00
6.163862228393554688e+00
4.899204730987548828e+00
6.017914772033691406e+00
5.458793640136718750e+00
5.985837936401367188e+00
4.657488346099853516e+00
4.863861560821533203e+00
4.635615348815917969e+00
5.034241676330566406e+00
4.841161727905273438e+00
6.374256134033203125e+00
6.373428344726562500e+00
5.821989059448242188e+00
4.764044761657714844e+00
4.573464393615722656e+00
6.002104282379150391e+00
5.078308582305908203e+00
4.993974685668945312e+00
5.148740768432617188e+00
5.993203163146972656e+00
5.763927936553955078e+00
4.611202716827392578e+00
5.290180683135986328e+00
4.756502151489257812e+00
5.464166641235351562e+00
4.342724323272705078e+00
5.714897155761718750e+00
5.193710803985595703e+00
4.746041774749755859e+00
5.095283985137939453e+00
4.714049339294433594e+00
4.935947418212890625e+00
4.208248138427734375e+00
4.875383853912353516e+00
4.980088710784912109e+00
5.769638538360595703e+00
5.889249324798583984e+00
5.304927825927734375e+00
5.309711933135986328e+00
5.103499889373779297e+00
5.066167354583740234e+00
5.201840400695800781e+00
5.303870201110839844e+00
5.134457588195800781e+00
5.195291996002197266e+00
5.708613872528076172e+00
4.610449314117431641e+00
5.656465530395507812e+00
5.785037994384765625e+00
4.564578056335449219e+00
4.370111465454101562e+00
5.344779491424560547e+00
5.297167778015136719e+00
5.131029605865478516e+00
5.410789012908935547e+00
4.827766895294189453e+00
4.414268970489501953e+00
4.965551853179931641e+00
5.136217117309570312e+00
5.356232643127441406e+00
4.241180896759033203e+00
5.369998931884765625e+00
5.207392215728759766e+00
4.761627674102783203e+00
6.374782562255859375e+00
5.326239585876464844e+00
5.116905689239501953e+00
4.605383872985839844e+00
5.410199165344238281e+00
5.395887374877929688e+00
4.437919139862060547e+00
5.127463817596435547e+00
3.982534170150756836e+00
4.908237934112548828e+00
4.919326305389404297e+00
4.658353805541992188e+00
5.563258171081542969e+00
6.128091812133789062e+00
5.046697139739990234e+00
4.201413631439208984e+00
4.721103668212890625e+00
4.610780239105224609e+00
3.467445850372314453e+00
4.760776042938232422e+00
4.141653060913085938e+00
5.434418678283691406e+00
5.151954174041748047e+00
4.601567268371582031e+00
4.844838142395019531e+00
5.672924041748046875e+00
5.093886375427246094e+00
5.561425685882568359e+00
4.401324272155761719e+00
4.737139225006103516e+00
4.951902389526367188e+00
4.182024002075195312e+00
4.552237510681152344e+00
5.135416507720947266e+00
4.295874595642089844e+00
4.542618751525878906e+00
4.508518218994140625e+00
5.114007949829101562e+00
5.042257785797119141e+00
4.383117198944091797e+00
4.804104804992675781e+00
5.529550075531005859e+00
4.430693626403808594e+00
5.330880165100097656e+00
4.842478752136230469e+00
4.457908630371093750e+00
4.796803951263427734e+00
5.187835693359375000e+00
6.596265792846679688e+00
4.951548099517822266e+00
5.578083515167236328e+00
4.955671787261962891e+00
4.896195411682128906e+00
4.527645587921142578e+00
4.206323623657226562e+00
5.076407909393310547e+00
4.685508728027343750e+00
5.230569362640380859e+00
5.151981830596923828e+00
5.013618469238281250e+00
5.688021183013916016e+00
4.810644626617431641e+00
5.226010322570800781e+00
5.586608409881591797e+00
5.847481727600097656e+00
5.604027271270751953e+00
5.561319828033447266e+00
5.010928153991699219e+00
4.222858428955078125e+00
5.294312953948974609e+00
4.771473407745361328e+00
4.549071311950683594e+00
5.185945510864257812e+00
4.154997825622558594e+00
5.286437988281250000e+00
5.574566841125488281e+00
5.694244384765625000e+00
5.897848606109619141e+00
5.136669635772705078e+00
5.103549957275390625e+00
5.875132560729980469e+00
5.859506130218505859e+00
5.749286651611328125e+00
4.361855506896972656e+00
5.424824714660644531e+00
4.004958629608154297e+00
5.456108570098876953e+00
4.571404457092285156e+00
4.660808086395263672e+00
5.062341213226318359e+00
5.641335487365722656e+00
4.813307285308837891e+00
5.384785175323486328e+00
4.697384357452392578e+00
5.469664573669433594e+00
5.331105709075927734e+00
5.392147064208984375e+00
4.953897476196289062e+00
4.256320953369140625e+00
4.612826824188232422e+00
5.538066864013671875e+00
5.644390106201171875e+00
4.208778858184814453e+00
4.109173774719238281e+00
5.398153781890869141e+00
5.143171310424804688e+00
5.192315101623535156e+00
5.597176551818847656e+00
5.285057067871093750e+00
4.915616989135742188e+00
5.151179790496826172e+00
4.754364490509033203e+00
4.813585281372070312e+00
5.368886947631835938e+00
4.992945194244384766e+00
5.380132675170898438e+00
4.643401622772216797e+00
5.371035099029541016e+00
4.921542644500732422e+00
4.870251655578613281e+00
6.626393318176269531e+00
5.515100479125976562e+00
5.166463375091552734e+00
5.341084003448486328e+00
5.111011028289794922e+00
4.696089267730712891e+00
5.124968528747558594e+00
5.343695163726806641e+00
4.675111293792724609e+00
5.134519100189208984e+00
5.308258533477783203e+00
5.118105411529541016e+00
5.395827293395996094e+00
4.818969726562500000e+00
5.392770767211914062e+00
5.238554954528808594e+00
5.372855663299560547e+00
5.066378593444824219e+00
4.985445976257324219e+00
5.595730781555175781e+00
4.284741878509521484e+00
4.680516242980957031e+00
4.990943431854248047e+00
4.956618785858154297e+00
4.951881408691406250e+00
5.397671222686767578e+00
5.028553009033203125e+00
5.342932701110839844e+00
5.589604854583740234e+00
4.670315265655517578e+00
4.550347805023193359e+00
5.237420558929443359e+00
4.704447746276855469e+00
5.720162868499755859e+00
5.110122680664062500e+00
4.938353538513183594e+00
6.670633792877197266e+00
4.862416744232177734e+00
5.195606231689453125e+00
4.660425186157226562e+00
4.914852619171142578e+00
4.327091693878173828e+00
4.070672988891601562e+00
5.002902984619140625e+00
4.858265399932861328e+00
5.249651432037353516e+00
4.451483726501464844e+00
4.925411701202392578e+00
5.634241580963134766e+00
4.342610836029052734e+00
4.302779674530029297e+00
4.232696056365966797e+00
4.821437835693359375e+00
4.813081264495849609e+00
4.241815090179443359e+00
6.002076148986816406e+00
4.938598632812500000e+00
4.682701110839843750e+00
4.502596378326416016e+00
5.139771461486816406e+00
5.485317707061767578e+00
5.405547142028808594e+00
4.576943874359130859e+00
5.645054817199707031e+00
5.088113784790039062e+00
4.930004119873046875e+00
4.199184894561767578e+00
4.585439682006835938e+00
5.093303203582763672e+00
4.276033401489257812e+00
4.655050277709960938e+00
4.102777481079101562e+00
4.962085723876953125e+00
4.758221626281738281e+00
5.061178207397460938e+00
5.000131607055664062e+00
5.045647144317626953e+00
5.784080505371093750e+00
4.397778511047363281e+00
4.444856643676757812e+00
5.033852100372314453e+00
4.253538131713867188e+00
5.258194923400878906e+00
4.577812194824218750e+00
4.864725589752197266e+00
4.518322944641113281e+00
6.471941947937011719e+00
4.532659053802490234e+00
4.295257091522216797e+00
4.816850662231445312e+00
5.196590423583984375e+00
5.605857849121093750e+00
6.200852394104003906e+00
4.463683128356933594e+00
4.799889087677001953e+00
5.062876701354980469e+00
5.084805965423583984e+00
4.992314815521240234e+00
4.965995788574218750e+00
4.451013565063476562e+00
4.107292652130126953e+00
4.864096164703369141e+00
4.509139537811279297e+00
5.164545059204101562e+00
4.957161426544189453e+00
5.396896839141845703e+00
5.252937316894531250e+00
4.965391635894775391e+00
4.159615516662597656e+00
5.500274181365966797e+00
5.471675872802734375e+00
4.608207225799560547e+00
4.555037498474121094e+00
4.889305114746093750e+00
4.393800258636474609e+00
5.242057800292968750e+00
5.499894142150878906e+00
4.967308044433593750e+00
4.698052406311035156e+00
4.462563037872314453e+00
5.143508434295654297e+00
5.904975414276123047e+00
5.322905540466308594e+00
4.661180496215820312e+00
5.837059497833251953e+00
4.801589012145996094e+00
5.534540176391601562e+00
5.908308029174804688e+00
4.659834384918212891e+00
4.526206970214843750e+00
5.368727684020996094e+00
5.535424232482910156e+00
5.833115577697753906e+00
5.030740261077880859e+00
5.319349288940429688e+00
5.999561309814453125e+00
4.641427040100097656e+00
4.799508094787597656e+00
5.485783576965332031e+00
6.156125545501708984e+00
5.614158153533935547e+00
5.308312892913818359e+00
4.626807212829589844e+00
6.200572967529296875e+00
5.103953838348388672e+00
4.569859027862548828e+00
5.666156768798828125e+00
5.112160682678222656e+00
4.783193588256835938e+00
4.567746639251708984e+00
5.908435344696044922e+00
4.915711879730224609e+00
6.471799850463867188e+00
4.498298168182373047e+00
5.188206672668457031e+00
4.907904624938964844e+00
4.507142543792724609e+00
5.263288021087646484e+00
6.158968925476074219e+00
5.009371757507324219e+00
4.998248577117919922e+00
4.989795207977294922e+00
4.344287872314453125e+00
4.842423915863037109e+00
5.325708866119384766e+00
4.751562595367431641e+00
4.630338191986083984e+00
4.741733074188232422e+00
5.605178833007812500e+00
5.002738475799560547e+00
4.410192489624023438e+00
5.784131050109863281e+00
5.001879692077636719e+00
5.076592922210693359e+00
4.490107536315917969e+00
5.039042949676513672e+00
4.657619476318359375e+00
5.339295387268066406e+00
3.787736415863037109e+00
5.119016170501708984e+00
5.167088031768798828e+00
4.821125984191894531e+00
4.887908458709716797e+00
4.843600749969482422e+00
5.430203437805175781e+00
4.932188034057617188e+00
4.373939990997314453e+00
5.052407741546630859e+00
5.124113082885742188e+00
4.513785362243652344e+00
4.851768970489501953e+00
5.647045612335205078e+00
4.772959709167480469e+00
5.583948135375976562e+00
4.295547962188720703e+00
4.651598453521728516e+00
5.372673988342285156e+00
4.808624267578125000e+00
4.798864364624023438e+00
5.062670707702636719e+00
5.913545608520507812e+00
6.580859661102294922e+00
5.595393657684326172e+00
4.441261768341064453e+00
4.737627506256103516e+00
4.207237720489501953e+00
4.389045238494873047e+00
5.400141716003417969e+00
5.197395324707031250e+00
4.658434391021728516e+00
4.863727092742919922e+00
4.710017204284667969e+00
5.015730857849121094e+00
5.075603008270263672e+00
5.692855834960937500e+00
4.439014434814453125e+00
4.934879779815673828e+00
4.544283866882324219e+00
4.261729240417480469e+00
4.758428573608398438e+00
5.050718307495117188e+00
4.672443389892578125e+00
4.948399066925048828e+00
6.014030933380126953e+00
3.989125013351440430e+00
5.496072769165039062e+00
4.639201164245605469e+00
5.033701419830322266e+00
5.048805713653564453e+00
4.837420940399169922e+00
5.475296974182128906e+00
4.513859272003173828e+00
5.307240009307861328e+00
5.235630035400390625e+00
6.080273151397705078e+00
4.275948524475097656e+00
6.036178588867187500e+00
4.798476219177246094e+00
4.578733444213867188e+00
4.695209980010986328e+00
6.922402381896972656e+00
4.852461814880371094e+00
4.513589382171630859e+00
4.815220355987548828e+00
5.379305362701416016e+00
4.993275165557861328e+00
4.894810676574707031e+00
4.841140747070312500e+00
5.015588283538818359e+00
5.340445518493652344e+00
5.501259326934814453e+00
4.759580135345458984e+00
5.337275505065917969e+00
7.028114318847656250e+00
5.733170986175537109e+00
4.869837760925292969e+00
4.769592285156250000e+00
4.551711559295654297e+00
4.684501647949218750e+00
4.689744949340820312e+00
4.814936637878417969e+00
5.344395637512207031e+00
4.996596813201904297e+00
5.478812694549560547e+00
4.625798225402832031e+00
5.407979488372802734e+00
4.599341392517089844e+00
5.696941375732421875e+00
4.877242088317871094e+00
5.303375244140625000e+00
4.191211700439453125e+00
5.186908721923828125e+00
4.740684509277343750e+00
4.968461036682128906e+00
5.542188167572021484e+00
5.373305320739746094e+00
5.116703510284423828e+00
3.972955465316772461e+00
5.068590641021728516e+00
5.588518142700195312e+00
6.171456336975097656e+00
5.275840282440185547e+00
5.439544677734375000e+00
6.215597152709960938e+00
4.878232955932617188e+00
4.831392288208007812e+00
4.965173721313476562e+00
5.887005329132080078e+00
4.468441486358642578e+00
5.098212718963623047e+00
5.018675327301025391e+00
5.017421722412109375e+00
4.100646018981933594e+00
5.261025905609130859e+00
5.004565715789794922e+00
6.067868709564208984e+00
5.737734794616699219e+00
4.242385387420654297e+00
6.639803886413574219e+00
4.237477779388427734e+00
4.896581172943115234e+00
5.664813518524169922e+00
5.350583076477050781e+00
4.923656940460205078e+00
4.637518405914306641e+00
4.780270099639892578e+00
5.286586761474609375e+00
4.656656265258789062e+00
5.815803527832031250e+00
4.495400428771972656e+00
5.179732799530029297e+00
5.945650577545166016e+00
4.795531272888183594e+00
5.436139106750488281e+00
5.425923347473144531e+00
5.693916797637939453e+00
4.920665740966796875e+00
5.890073776245117188e+00
4.938924312591552734e+00
5.229109287261962891e+00
5.245020389556884766e+00
5.055684089660644531e+00
4.878014564514160156e+00
4.246407985687255859e+00
4.992255210876464844e+00
4.723861694335937500e+00
4.007356643676757812e+00
4.774968147277832031e+00
4.368854522705078125e+00
4.653318405151367188e+00
5.661890029907226562e+00
4.894308567047119141e+00
5.516256332397460938e+00
5.266518115997314453e+00
4.988491058349609375e+00
5.032544136047363281e+00
5.152101039886474609e+00
4.380867958068847656e+00
4.423171997070312500e+00
4.833988666534423828e+00
4.333572387695312500e+00
4.995856761932373047e+00
5.347207069396972656e+00
4.872559070587158203e+00
5.767794132232666016e+00
6.393860816955566406e+00
4.535321235656738281e+00
5.463928222656250000e+00
6.472001552581787109e+00
5.375223636627197266e+00
6.360844612121582031e+00
4.874993324279785156e+00
4.569624900817871094e+00
4.716975688934326172e+00
5.691769599914550781e+00
5.085094451904296875e+00
5.262997627258300781e+00
5.143655776977539062e+00
5.451275825500488281e+00
5.502132892608642578e+00
4.972822666168212891e+00
4.418075561523437500e+00
5.348892688751220703e+00
4.326364994049072266e+00
5.209681987762451172e+00
5.363684654235839844e+00
4.978002071380615234e+00
4.765068531036376953e+00
4.762213230133056641e+00
4.723577499389648438e+00
4.995214939117431641e+00
5.325970172882080078e+00
5.705738067626953125e+00
4.613343238830566406e+00
5.162460803985595703e+00
5.034771919250488281e+00
4.783540248870849609e+00
5.382576942443847656e+00
5.230974197387695312e+00
5.272928714752197266e+00
5.453279495239257812e+00
5.549578189849853516e+00
5.228505134582519531e+00
4.498783111572265625e+00
5.595528602600097656e+00
5.254992961883544922e+00
4.940406799316406250e+00
4.989928722381591797e+00
6.606756210327148438e+00
5.689393043518066406e+00
4.149713516235351562e+00
4.728456974029541016e+00
5.421328544616699219e+00
4.904740810394287109e+00
5.014066696166992188e+00
5.953351974487304688e+00
4.589207649230957031e+00
5.027655124664306641e+00
5.260591030120849609e+00
5.758505344390869141e+00
5.821066379547119141e+00
4.721644878387451172e+00
5.023406505584716797e+00
4.457663536071777344e+00
4.765805721282958984e+00
4.871652603149414062e+00
5.656365871429443359e+00
4.566496372222900391e+00
5.210201263427734375e+00
5.420694351196289062e+00
4.887783050537109375e+00
4.507830619812011719e+00
4.641701221466064453e+00
4.637941360473632812e+00
5.904440402984619141e+00
4.311234474182128906e+00
5.015112400054931641e+00
4.281321525573730469e+00
5.315649509429931641e+00
5.383914947509765625e+00
4.881259441375732422e+00
5.496838092803955078e+00
5.236508846282958984e+00
5.781808853149414062e+00
5.724677085876464844e+00
5.278117179870605469e+00
5.382703304290771484e+00
5.004970550537109375e+00
4.705450534820556641e+00
5.381790161132812500e+00
4.782591819763183594e+00
6.309154987335205078e+00
5.868446826934814453e+00
4.956909179687500000e+00
4.104051113128662109e+00
5.218718528747558594e+00
5.064973354339599609e+00
4.694566249847412109e+00
5.721658229827880859e+00
4.122301578521728516e+00
4.033231735229492188e+00
5.191884040832519531e+00
6.010517120361328125e+00
4.849897861480712891e+00
5.689678192138671875e+00
4.745499610900878906e+00
4.472642898559570312e+00
4.913834571838378906e+00
5.670844554901123047e+00
5.586825370788574219e+00
5.802754878997802734e+00
5.134838104248046875e+00
5.386897563934326172e+00
5.066177368164062500e+00
4.731809139251708984e+00
5.841214179992675781e+00
4.513999938964843750e+00
5.496570587158203125e+00
4.899230003356933594e+00
5.018753051757812500e+00
5.421660423278808594e+00
5.110774993896484375e+00
4.581056594848632812e+00
5.690917491912841797e+00
6.350207805633544922e+00
5.323800563812255859e+00
4.180429935455322266e+00
5.228184223175048828e+00
4.571971416473388672e+00
4.734766483306884766e+00
4.895866394042968750e+00
4.114186763763427734e+00
5.103956222534179688e+00
5.596426963806152344e+00
5.432345867156982422e+00
4.823893070220947266e+00
6.531218528747558594e+00
5.187472820281982422e+00
4.920446872711181641e+00
5.135955810546875000e+00
5.058145999908447266e+00
5.222481250762939453e+00
5.398773670196533203e+00
5.142080783843994141e+00
5.428156375885009766e+00
6.594313621520996094e+00
4.313964843750000000e+00
4.701701641082763672e+00
6.115493774414062500e+00
5.379205703735351562e+00
4.771420001983642578e+00
5.254177570343017578e+00
4.778691768646240234e+00
5.079025745391845703e+00
5.580066680908203125e+00
5.074143409729003906e+00
4.874509334564208984e+00
5.660308837890625000e+00
5.298632144927978516e+00
5.220861434936523438e+00
4.922889232635498047e+00
4.871160507202148438e+00
5.033992767333984375e+00
5.204949378967285156e+00
5.672677993774414062e+00
5.202149868011474609e+00
4.856996059417724609e+00
5.067429542541503906e+00
5.358023166656494141e+00
4.823495388031005859e+00
5.215765953063964844e+00
4.845419883728027344e+00
5.780407428741455078e+00
4.800271511077880859e+00
5.370393753051757812e+00
6.309958457946777344e+00
5.179898738861083984e+00
4.610434532165527344e+00
5.419525623321533203e+00
6.014232635498046875e+00
5.157446861267089844e+00
5.420833587646484375e+00
6.226183414459228516e+00
5.229940414428710938e+00
5.797875881195068359e+00
4.807138919830322266e+00
3.410110473632812500e+00
4.999866008758544922e+00
5.467456817626953125e+00
4.356882572174072266e+00
4.592940330505371094e+00
4.888319969177246094e+00
4.316410541534423828e+00
5.120751857757568359e+00
5.247539997100830078e+00
5.138139247894287109e+00
4.854698657989501953e+00
4.324961185455322266e+00
4.494071483612060547e+00
5.421121120452880859e+00
5.194485664367675781e+00
3.930103778839111328e+00
5.399530887603759766e+00
5.159504413604736328e+00
5.363808631896972656e+00
4.459456443786621094e+00
4.651126861572265625e+00
4.936523914337158203e+00
5.673812389373779297e+00
5.315323352813720703e+00
5.640152931213378906e+00
4.722063541412353516e+00
6.026487350463867188e+00
5.697256088256835938e+00
5.009012699127197266e+00
4.519499778747558594e+00
5.198662757873535156e+00
5.521317481994628906e+00
5.122879028320312500e+00
5.063366889953613281e+00
4.664948463439941406e+00
5.398827552795410156e+00
4.866068840026855469e+00
4.654890537261962891e+00
5.466903686523437500e+00
5.518670082092285156e+00
4.461579322814941406e+00
5.590945720672607422e+00
5.070131778717041016e+00
4.870874404907226562e+00
5.222593307495117188e+00
4.608090877532958984e+00
5.519009590148925781e+00
5.876233577728271484e+00
4.799426078796386719e+00
4.470099925994873047e+00
5.127933502197265625e+00
5.170990943908691406e+00
4.557121276855468750e+00
4.590043067932128906e+00
4.860184669494628906e+00
4.679958820343017578e+00
6.184647560119628906e+00
5.556235313415527344e+00
5.652179241180419922e+00
5.316136360168457031e+00
5.687146663665771484e+00
5.050318717956542969e+00
5.792949199676513672e+00
5.949782848358154297e+00
5.682704925537109375e+00
4.088831901550292969e+00
4.868567943572998047e+00
4.595542907714843750e+00
4.781784057617187500e+00
4.504200458526611328e+00
4.850942611694335938e+00
4.975719451904296875e+00
5.252866744995117188e+00
4.180706024169921875e+00
4.804954051971435547e+00
5.086116313934326172e+00
4.748658657073974609e+00
5.407820701599121094e+00
5.061452865600585938e+00
5.478466987609863281e+00
4.736855030059814453e+00
4.692783355712890625e+00
4.888351440429687500e+00
6.033565521240234375e+00
5.418177127838134766e+00
5.453237533569335938e+00
4.575879573822021484e+00
5.125945091247558594e+00
4.933166980743408203e+00
4.324229717254638672e+00
4.741021633148193359e+00
4.534391880035400391e+00
5.488884449005126953e+00
4.576531887054443359e+00
5.242034435272216797e+00
6.078141212463378906e+00
4.451101303100585938e+00
4.321048259735107422e+00
5.068016052246093750e+00
5.209304809570312500e+00
4.482301235198974609e+00
4.654288768768310547e+00
5.425859451293945312e+00
5.327131271362304688e+00
4.968235969543457031e+00
4.768016338348388672e+00
5.131220340728759766e+00
5.469323635101318359e+00
4.900983810424804688e+00
5.141448497772216797e+00
5.014166355133056641e+00
5.940886974334716797e+00
5.004379272460937500e+00
4.868340969085693359e+00
4.811800956726074219e+00
4.118663787841796875e+00
5.108223915100097656e+00
4.874102592468261719e+00
4.514199256896972656e+00
4.853552818298339844e+00
4.850244045257568359e+00
5.179334640502929688e+00
5.819111824035644531e+00
4.618658065795898438e+00
4.635442733764648438e+00
5.024245738983154297e+00
4.558874607086181641e+00
5.242462158203125000e+00
4.735257625579833984e+00
5.706662654876708984e+00
4.885118484497070312e+00
5.154152870178222656e+00
5.021644592285156250e+00
4.300292015075683594e+00
6.135015010833740234e+00
6.139095306396484375e+00
5.056659698486328125e+00
5.239712238311767578e+00
6.544217109680175781e+00
4.169671058654785156e+00
5.354034900665283203e+00
4.617995262145996094e+00
4.356635093688964844e+00
5.731223583221435547e+00
5.084522247314453125e+00
5.081285476684570312e+00
5.592623710632324219e+00
4.459300994873046875e+00
5.078311920166015625e+00
5.705644607543945312e+00
4.466611385345458984e+00
5.651207447052001953e+00
4.999158859252929688e+00
4.513630390167236328e+00
4.536892890930175781e+00
5.148272514343261719e+00
4.990061759948730469e+00
5.485123634338378906e+00
5.379594326019287109e+00
4.975617885589599609e+00
5.233635902404785156e+00
4.742341995239257812e+00
5.440638542175292969e+00
5.784379959106445312e+00
4.558769702911376953e+00
5.065864086151123047e+00
4.986133575439453125e+00
5.270201683044433594e+00
4.963163852691650391e+00
6.354239463806152344e+00
4.256538391113281250e+00
5.477838993072509766e+00
5.208652973175048828e+00
5.368317604064941406e+00
5.090861797332763672e+00
5.380537986755371094e+00
4.692901134490966797e+00
5.671339035034179688e+00
4.861004352569580078e+00
4.960025310516357422e+00
5.297212123870849609e+00
4.507663249969482422e+00
4.684015750885009766e+00
5.493594169616699219e+00
4.808257579803466797e+00
4.973630428314208984e+00
5.296785831451416016e+00
5.210723400115966797e+00
4.904071331024169922e+00
4.100438117980957031e+00
5.188845157623291016e+00
5.488372325897216797e+00
5.987452983856201172e+00
4.386552810668945312e+00
4.812969207763671875e+00
5.046642780303955078e+00
4.689116001129150391e+00
5.036767959594726562e+00
4.590360164642333984e+00
4.366454601287841797e+00
4.723331451416015625e+00
4.959798336029052734e+00
5.324397563934326172e+00
5.858758449554443359e+00
4.855283737182617188e+00
4.970179080963134766e+00
5.043528079986572266e+00
5.715284824371337891e+00
5.602463245391845703e+00
5.080135822296142578e+00
5.263303756713867188e+00
4.116353034973144531e+00
5.408534526824951172e+00
4.856996059417724609e+00
5.283051967620849609e+00
5.126947402954101562e+00
5.494573116302490234e+00
4.732530117034912109e+00
5.024420738220214844e+00
4.530230045318603516e+00
5.634087562561035156e+00
4.658792972564697266e+00
4.805471420288085938e+00
5.227867126464843750e+00
5.158452510833740234e+00
5.487200736999511719e+00
4.890744686126708984e+00
4.929579257965087891e+00
5.065103530883789062e+00
5.806097507476806641e+00
4.449382781982421875e+00
4.588560104370117188e+00
5.043129920959472656e+00
4.662405014038085938e+00
4.584504604339599609e+00
4.376205921173095703e+00
5.410730361938476562e+00
4.928956508636474609e+00
4.810112476348876953e+00
4.418326854705810547e+00
4.868377685546875000e+00
4.736320972442626953e+00
4.373573780059814453e+00
5.601823806762695312e+00
4.234498977661132812e+00
5.707029819488525391e+00
5.049701690673828125e+00
5.161437511444091797e+00
5.019138813018798828e+00
5.598675251007080078e+00
4.562389373779296875e+00
4.879967212677001953e+00
4.698118686676025391e+00
5.213764667510986328e+00
4.861333847045898438e+00
5.298741340637207031e+00
4.541127204895019531e+00
5.038632392883300781e+00
5.289586067199707031e+00
4.305829048156738281e+00
5.167704582214355469e+00
5.428209781646728516e+00
4.875888347625732422e+00
5.552373886108398438e+00
4.969836711883544922e+00
4.224689960479736328e+00
5.140931606292724609e+00
5.131245136260986328e+00
5.648355007171630859e+00
5.348432064056396484e+00
5.448097229003906250e+00
5.328125000000000000e+00
5.316368579864501953e+00
5.391823291778564453e+00
4.764876365661621094e+00
4.903768062591552734e+00
5.815579414367675781e+00
5.708393573760986328e+00
5.407397270202636719e+00
5.021010398864746094e+00
4.934726238250732422e+00
5.376514434814453125e+00
5.919342517852783203e+00
5.441193580627441406e+00
4.838305950164794922e+00
4.566133975982666016e+00
5.511765003204345703e+00
5.185953140258789062e+00
4.870042800903320312e+00
5.747002601623535156e+00
5.383707523345947266e+00
4.982476234436035156e+00
5.637161731719970703e+00
5.788150310516357422e+00
4.953247070312500000e+00
4.876987457275390625e+00
5.955701828002929688e+00
5.497087001800537109e+00
5.319458007812500000e+00
4.958701133728027344e+00
4.846639156341552734e+00
4.822290897369384766e+00
5.533068180084228516e+00
4.564983844757080078e+00
5.062025547027587891e+00
5.101436614990234375e+00
4.182347297668457031e+00
4.988238811492919922e+00
5.193433284759521484e+00
5.627851486206054688e+00
4.663032531738281250e+00
4.998617172241210938e+00
4.658677577972412109e+00
5.093449592590332031e+00
5.167233467102050781e+00
5.415181636810302734e+00
4.490048885345458984e+00
5.103069782257080078e+00
5.980911254882812500e+00
5.215775012969970703e+00
6.039847850799560547e+00
5.410675525665283203e+00
5.229422092437744141e+00
5.217296600341796875e+00
4.689774513244628906e+00
4.973627567291259766e+00
5.095387935638427734e+00
4.281002998352050781e+00
4.457358360290527344e+00
5.367507934570312500e+00
4.874367713928222656e+00
5.286686897277832031e+00
5.840497016906738281e+00
4.651470184326171875e+00
4.472861289978027344e+00
4.986090660095214844e+00
5.561602592468261719e+00
5.714068412780761719e+00
5.872037410736083984e+00
5.957101345062255859e+00
4.644833087921142578e+00
5.225677490234375000e+00
5.101506233215332031e+00
4.745585441589355469e+00
6.105504035949707031e+00
5.243600845336914062e+00
4.893374443054199219e+00
5.481065750122070312e+00
5.574879169464111328e+00
5.786143779754638672e+00
4.720103263854980469e+00
4.541402816772460938e+00
4.804958343505859375e+00
5.073424816131591797e+00
5.259153366088867188e+00
4.601512432098388672e+00
5.198233604431152344e+00
5.333892345428466797e+00
4.929121494293212891e+00
5.361122608184814453e+00
5.144160747528076172e+00
5.717544555664062500e+00
5.449724197387695312e+00
5.188527107238769531e+00
5.309806823730468750e+00
5.414991378784179688e+00
5.077247142791748047e+00
4.544883728027343750e+00
5.477817535400390625e+00
3.954854249954223633e+00
4.557656764984130859e+00
3.785161495208740234e+00
4.424210548400878906e+00
4.283090114593505859e+00
5.455832958221435547e+00
5.049855709075927734e+00
4.719253063201904297e+00
4.691965103149414062e+00
5.032540321350097656e+00
5.240406990051269531e+00
4.806396007537841797e+00
4.014542102813720703e+00
6.502221107482910156e+00
5.214680194854736328e+00
5.516791820526123047e+00
6.100443840026855469e+00
5.284058094024658203e+00
6.705855369567871094e+00
4.966716766357421875e+00
4.276939868927001953e+00
5.624044895172119141e+00
5.132883071899414062e+00
5.074437618255615234e+00
5.504481792449951172e+00
4.951334953308105469e+00
5.212313652038574219e+00
4.741033077239990234e+00
4.526980876922607422e+00
5.350394725799560547e+00
5.861179351806640625e+00
6.035763263702392578e+00
5.389127254486083984e+00
4.665934562683105469e+00
3.882005453109741211e+00
4.690317630767822266e+00
5.964821815490722656e+00
5.969149112701416016e+00
4.439477443695068359e+00
5.596393585205078125e+00
5.850667476654052734e+00
4.783950328826904297e+00
4.995168209075927734e+00
5.222195625305175781e+00
4.128130912780761719e+00
5.722041606903076172e+00
4.023067474365234375e+00
4.407743930816650391e+00
5.204197883605957031e+00
4.916284561157226562e+00
5.111682891845703125e+00
5.247658729553222656e+00
4.131895542144775391e+00
4.844851016998291016e+00
5.280230522155761719e+00
5.058664798736572266e+00
5.075731277465820312e+00
4.443595886230468750e+00
5.135147571563720703e+00
4.896606445312500000e+00
5.633767127990722656e+00
5.058769226074218750e+00
5.450994491577148438e+00
5.543966770172119141e+00
5.098194599151611328e+00
4.910963058471679688e+00
6.098526477813720703e+00
4.776056766510009766e+00
4.500507354736328125e+00
4.661535739898681641e+00
5.755081176757812500e+00
5.587388515472412109e+00
5.326028347015380859e+00
5.565967559814453125e+00
5.038224220275878906e+00
5.424260139465332031e+00
4.761275768280029297e+00
4.292859554290771484e+00
4.309152126312255859e+00
6.109796524047851562e+00
4.968575477600097656e+00
5.342010021209716797e+00
5.840936183929443359e+00
4.698298454284667969e+00
4.579401493072509766e+00
5.417120933532714844e+00
5.470260143280029297e+00
5.467327594757080078e+00
4.497172832489013672e+00
4.812786579132080078e+00
4.170211791992187500e+00
4.035093307495117188e+00
5.847455501556396484e+00
4.747483253479003906e+00
5.333794593811035156e+00
5.582538604736328125e+00
4.879347801208496094e+00
4.924346923828125000e+00
5.012011528015136719e+00
4.424579620361328125e+00
4.936193943023681641e+00
5.574730873107910156e+00
4.689192771911621094e+00
5.247731685638427734e+00
5.956544876098632812e+00
4.594405651092529297e+00
4.920947551727294922e+00
5.256818771362304688e+00
4.097712993621826172e+00
4.459236145019531250e+00
4.643058776855468750e+00
6.713090896606445312e+00
4.639651298522949219e+00
4.926482677459716797e+00
4.817565441131591797e+00
4.489964008331298828e+00
4.445601463317871094e+00
5.138514518737792969e+00
5.529621124267578125e+00
4.959087371826171875e+00
5.352180957794189453e+00
4.457396507263183594e+00
5.428690433502197266e+00
4.936703205108642578e+00
4.444978237152099609e+00
5.152852535247802734e+00
6.015084266662597656e+00
4.643144607543945312e+00
5.911385536193847656e+00
4.400725364685058594e+00
4.985836505889892578e+00
6.563372135162353516e+00
4.654907226562500000e+00
5.227968692779541016e+00
4.897522449493408203e+00
5.430753231048583984e+00
4.398681163787841797e+00
5.035917758941650391e+00
4.116047382354736328e+00
4.439989089965820312e+00
4.253400325775146484e+00
5.463936328887939453e+00
5.175274372100830078e+00
5.231694221496582031e+00
4.356665611267089844e+00
6.517205238342285156e+00
5.208525657653808594e+00
5.719603061676025391e+00
5.405896663665771484e+00
5.145525455474853516e+00
5.477147102355957031e+00
5.990627288818359375e+00
5.753856658935546875e+00
5.409648418426513672e+00
5.919514656066894531e+00
4.916687488555908203e+00
5.086545467376708984e+00
4.726814746856689453e+00
4.553783893585205078e+00
5.035499572753906250e+00
4.654053211212158203e+00
4.778802871704101562e+00
5.357609748840332031e+00
4.766274929046630859e+00
4.551555156707763672e+00
4.170630455017089844e+00
5.386168479919433594e+00
4.917144775390625000e+00
5.163619041442871094e+00
4.459131717681884766e+00
5.700933456420898438e+00
4.024043083190917969e+00
4.818676948547363281e+00
4.096342086791992188e+00
4.577024459838867188e+00
4.955674171447753906e+00
4.105804920196533203e+00
4.748980998992919922e+00
4.569351673126220703e+00
5.150867462158203125e+00
5.293472766876220703e+00
4.617345809936523438e+00
5.172049522399902344e+00
4.595859050750732422e+00
5.203149795532226562e+00
4.887483119964599609e+00
3.750110387802124023e+00
5.347866058349609375e+00
5.889815330505371094e+00
4.451123237609863281e+00
6.103230476379394531e+00
4.917635917663574219e+00
6.407806396484375000e+00
5.424047470092773438e+00
4.920440196990966797e+00
4.500925540924072266e+00
5.612950801849365234e+00
4.625582218170166016e+00
5.386077880859375000e+00
4.996315956115722656e+00
6.153192043304443359e+00
4.337461471557617188e+00
5.405879974365234375e+00
5.107025146484375000e+00
4.073321819305419922e+00
4.316469192504882812e+00
4.548919677734375000e+00
5.460184097290039062e+00
4.593863010406494141e+00
4.544070720672607422e+00
4.588629245758056641e+00
4.779401302337646484e+00
5.410273551940917969e+00
4.347434043884277344e+00
4.929572582244873047e+00
4.246205329895019531e+00
5.643952369689941406e+00
4.716539382934570312e+00
4.278743743896484375e+00
5.316493034362792969e+00
4.782587528228759766e+00
4.529887676239013672e+00
4.770970344543457031e+00
4.552841186523437500e+00
4.432401180267333984e+00
5.011247158050537109e+00
6.457906723022460938e+00
5.100936889648437500e+00
4.924054145812988281e+00
4.592298507690429688e+00
4.764362812042236328e+00
5.997239589691162109e+00
4.812005043029785156e+00
5.844872474670410156e+00
4.665349483489990234e+00
4.121405124664306641e+00
4.888177871704101562e+00
4.667267322540283203e+00
5.459297180175781250e+00
4.769055366516113281e+00
5.345922470092773438e+00
5.605082511901855469e+00
4.792005538940429688e+00
5.894434452056884766e+00
4.589242935180664062e+00
5.711270809173583984e+00
5.511995792388916016e+00
4.522217273712158203e+00
5.328409671783447266e+00
4.878488540649414062e+00
5.322673797607421875e+00
5.102323532104492188e+00
4.909758567810058594e+00
4.784914016723632812e+00
4.856499195098876953e+00
5.494048118591308594e+00
4.817981719970703125e+00
4.136016368865966797e+00
4.173375129699707031e+00
5.449162006378173828e+00
5.000396728515625000e+00
4.934492588043212891e+00
5.069114685058593750e+00
5.473137378692626953e+00
5.652030467987060547e+00
5.416519641876220703e+00
5.873127937316894531e+00
5.083665370941162109e+00
5.290216445922851562e+00
4.464452743530273438e+00
4.482806682586669922e+00
4.985688209533691406e+00
5.565931797027587891e+00
4.491171360015869141e+00
5.621475696563720703e+00
5.221117496490478516e+00
5.090869903564453125e+00
4.856555938720703125e+00
4.655613899230957031e+00
4.956759452819824219e+00
4.831988811492919922e+00
4.726547718048095703e+00
5.004535675048828125e+00
4.332041263580322266e+00
4.269581794738769531e+00
4.772552490234375000e+00
5.551267623901367188e+00
4.414707183837890625e+00
4.780026435852050781e+00
4.830561637878417969e+00
5.135540008544921875e+00
4.929803848266601562e+00
5.337378501892089844e+00
5.521633148193359375e+00
5.314607143402099609e+00
5.131987571716308594e+00
5.522261619567871094e+00
5.149227619171142578e+00
5.153429508209228516e+00
5.207972526550292969e+00
4.707369804382324219e+00
4.231543540954589844e+00
4.671330451965332031e+00
4.341516971588134766e+00
4.496497631072998047e+00
4.685039043426513672e+00
5.196384906768798828e+00
4.773888111114501953e+00
5.023808956146240234e+00
4.676443099975585938e+00
5.443226337432861328e+00
5.423102378845214844e+00
5.070137977600097656e+00
5.049992084503173828e+00
5.178845882415771484e+00
4.917200088500976562e+00
4.478960990905761719e+00
4.605163574218750000e+00
5.622859954833984375e+00
5.026858806610107422e+00
5.231983661651611328e+00
5.634147644042968750e+00
5.526326179504394531e+00
5.192062377929687500e+00
4.658635139465332031e+00
5.913576602935791016e+00
5.682014465332031250e+00
5.654740333557128906e+00
5.395658016204833984e+00
5.567746162414550781e+00
5.012439727783203125e+00
5.023102760314941406e+00
5.454578876495361328e+00
5.895296573638916016e+00
5.680488586425781250e+00
4.635504722595214844e+00
4.735860347747802734e+00
6.290438175201416016e+00
4.424628734588623047e+00
5.429081916809082031e+00
5.653378486633300781e+00
4.972414016723632812e+00
5.348084449768066406e+00
5.254648208618164062e+00
4.923115730285644531e+00
5.403179168701171875e+00
5.117640018463134766e+00
5.489110469818115234e+00
5.228326320648193359e+00
5.258399009704589844e+00
5.072117805480957031e+00
4.159684658050537109e+00
5.514410495758056641e+00
5.090930938720703125e+00
5.075221538543701172e+00
5.310227394104003906e+00
4.840318679809570312e+00
4.906478404998779297e+00
4.437791824340820312e+00
5.194406509399414062e+00
4.681555747985839844e+00
4.508280277252197266e+00
5.450713157653808594e+00
4.573927402496337891e+00
4.244846820831298828e+00
5.166338920593261719e+00
5.206660747528076172e+00
4.020426750183105469e+00
4.719482421875000000e+00
4.958869934082031250e+00
5.046388149261474609e+00
5.298503875732421875e+00
5.618743896484375000e+00
4.725673675537109375e+00
4.781824111938476562e+00
4.853408336639404297e+00
4.630327701568603516e+00
4.947957515716552734e+00
4.325887680053710938e+00
5.415165424346923828e+00
5.172636508941650391e+00
5.152596950531005859e+00
5.212565422058105469e+00
5.583641529083251953e+00
5.130545616149902344e+00
4.513460159301757812e+00
5.383766174316406250e+00
5.614155769348144531e+00
4.427157402038574219e+00
5.309982776641845703e+00
3.948714733123779297e+00
5.130001544952392578e+00
4.950973987579345703e+00
5.381475925445556641e+00
4.992931842803955078e+00
4.487502098083496094e+00
5.055902481079101562e+00
5.610048770904541016e+00
4.409296035766601562e+00
5.074053287506103516e+00
4.536874294281005859e+00
4.644449234008789062e+00
4.904151439666748047e+00
5.039849758148193359e+00
5.255308628082275391e+00
5.606929779052734375e+00
5.038273811340332031e+00
5.049673080444335938e+00
5.249512195587158203e+00
4.913687705993652344e+00
4.674816608428955078e+00
6.263278007507324219e+00
5.225681304931640625e+00
4.952362060546875000e+00
4.563776016235351562e+00
4.598866939544677734e+00
5.817501068115234375e+00
5.186758041381835938e+00
5.981199264526367188e+00
4.701247215270996094e+00
4.272083759307861328e+00
5.601422309875488281e+00
5.627649784088134766e+00
4.926981925964355469e+00
5.135694503784179688e+00
4.553526401519775391e+00
4.556133747100830078e+00
4.952121734619140625e+00
3.818316459655761719e+00
4.806575298309326172e+00
4.384445667266845703e+00
4.996094226837158203e+00
4.674387931823730469e+00
4.300460815429687500e+00
4.464727401733398438e+00
4.026598930358886719e+00
4.903136253356933594e+00
5.290338039398193359e+00
4.513009071350097656e+00
4.703505516052246094e+00
5.202383041381835938e+00
4.324645996093750000e+00
5.249271392822265625e+00
4.810433864593505859e+00
4.497508049011230469e+00
5.267245769500732422e+00
5.225411891937255859e+00
4.422785282135009766e+00
3.869539260864257812e+00
5.367856979370117188e+00
4.111273765563964844e+00
5.101768970489501953e+00
5.095123291015625000e+00
4.854908943176269531e+00
4.444596290588378906e+00
4.933848381042480469e+00
6.289231300354003906e+00
4.023910522460937500e+00
5.993579864501953125e+00
4.917702198028564453e+00
4.219146251678466797e+00
4.800324440002441406e+00
4.936861515045166016e+00
5.518716335296630859e+00
4.917030811309814453e+00
4.990230560302734375e+00
4.615429401397705078e+00
5.288937091827392578e+00
5.302350044250488281e+00
4.439348697662353516e+00
4.778501033782958984e+00
4.451569080352783203e+00
5.932621955871582031e+00
5.603398323059082031e+00
5.362859249114990234e+00
5.335013866424560547e+00
4.501407623291015625e+00
4.714993953704833984e+00
4.765979290008544922e+00
4.790207386016845703e+00
4.556514739990234375e+00
4.341657161712646484e+00
4.334817886352539062e+00
5.206386089324951172e+00
4.506747722625732422e+00
4.652346611022949219e+00
4.714616775512695312e+00
5.043430805206298828e+00
4.670900344848632812e+00
5.253532409667968750e+00
5.883774280548095703e+00
6.089004993438720703e+00
4.780342102050781250e+00
5.981964111328125000e+00
5.706553459167480469e+00
6.382481575012207031e+00
5.897922039031982422e+00
4.545479297637939453e+00
5.583254337310791016e+00
4.515440940856933594e+00
5.383451938629150391e+00
4.808559894561767578e+00
4.866205215454101562e+00
4.979528903961181641e+00
5.489778041839599609e+00
5.796820163726806641e+00
5.647526264190673828e+00
5.693597793579101562e+00
5.764930248260498047e+00
6.200726032257080078e+00
6.291599273681640625e+00
6.016353130340576172e+00
6.027579307556152344e+00
5.748983860015869141e+00
4.992801666259765625e+00
6.433856964111328125e+00
6.106654167175292969e+00
5.469660758972167969e+00
4.538467407226562500e+00
4.434855461120605469e+00
5.892589092254638672e+00
4.955258846282958984e+00
5.581255912780761719e+00
5.380496025085449219e+00
4.798121929168701172e+00
5.505452156066894531e+00
5.019648551940917969e+00
4.840009689331054688e+00
5.281092643737792969e+00
5.198482990264892578e+00
5.535769462585449219e+00
4.160120964050292969e+00
4.555732250213623047e+00
5.282116413116455078e+00
4.914099693298339844e+00
5.089027404785156250e+00
4.958910465240478516e+00
4.041141510009765625e+00
5.419320106506347656e+00
4.441994667053222656e+00
3.541155815124511719e+00
4.758564949035644531e+00
5.063132762908935547e+00
5.539505004882812500e+00
5.639142990112304688e+00
5.457490921020507812e+00
5.388908386230468750e+00
4.395833969116210938e+00
6.137702941894531250e+00
5.331849575042724609e+00
4.826688289642333984e+00
5.209532737731933594e+00
5.205206871032714844e+00
5.129077911376953125e+00
5.549897193908691406e+00
4.787966728210449219e+00
5.278291225433349609e+00
6.190548419952392578e+00
5.008101940155029297e+00
5.583577156066894531e+00
4.929390430450439453e+00
5.788960456848144531e+00
5.883148193359375000e+00
4.949472427368164062e+00
5.113086700439453125e+00
5.263622283935546875e+00
5.195849418640136719e+00
4.523508548736572266e+00
5.007740974426269531e+00
5.017498016357421875e+00
4.949078083038330078e+00
5.105664730072021484e+00
4.622527122497558594e+00
5.142970561981201172e+00
5.628598690032958984e+00
5.132933139801025391e+00
4.919412136077880859e+00
4.807828903198242188e+00
5.421134471893310547e+00
5.489340305328369141e+00
5.179343223571777344e+00
5.077560901641845703e+00
5.782203197479248047e+00
5.586803913116455078e+00
4.718504905700683594e+00
4.778771400451660156e+00
5.474237918853759766e+00
5.286147117614746094e+00
4.724946498870849609e+00
4.541654586791992188e+00
5.774940967559814453e+00
5.539015769958496094e+00
6.390269279479980469e+00
4.560799121856689453e+00
5.820748805999755859e+00
5.349355697631835938e+00
5.088601112365722656e+00
4.790218830108642578e+00
4.999315261840820312e+00
4.834650516510009766e+00
4.959590435028076172e+00
4.429415225982666016e+00
4.790073394775390625e+00
5.791969776153564453e+00
4.869565010070800781e+00
4.656535148620605469e+00
4.411343574523925781e+00
4.544963359832763672e+00
4.182951927185058594e+00
4.916446208953857422e+00
5.370167732238769531e+00
4.980683326721191406e+00
4.946341037750244141e+00
5.512005329132080078e+00
4.771272659301757812e+00
5.667711257934570312e+00
5.132598400115966797e+00
6.490269184112548828e+00
4.510033607482910156e+00
5.068550109863281250e+00
4.614420413970947266e+00
6.203697681427001953e+00
5.339934349060058594e+00
4.842594623565673828e+00
4.687277317047119141e+00
5.682158946990966797e+00
4.322091102600097656e+00
4.937724590301513672e+00
4.512541770935058594e+00
4.586223125457763672e+00
4.553531169891357422e+00
4.541009426116943359e+00
5.305567264556884766e+00
5.098951339721679688e+00
4.969877719879150391e+00
4.968436717987060547e+00
5.072801113128662109e+00
5.716789245605468750e+00
4.897493839263916016e+00
5.473609924316406250e+00
4.815198898315429688e+00
4.732622146606445312e+00
5.011555671691894531e+00
5.106185913085937500e+00
4.057749748229980469e+00
4.667452812194824219e+00
4.427712917327880859e+00
4.401486396789550781e+00
4.162839889526367188e+00
4.133472919464111328e+00
4.487874507904052734e+00
5.009386062622070312e+00
4.347620487213134766e+00
4.656994342803955078e+00
4.848825454711914062e+00
4.811177253723144531e+00
4.525585651397705078e+00
4.961266040802001953e+00
4.399963378906250000e+00
4.664974689483642578e+00
4.894650936126708984e+00
4.945877075195312500e+00
5.105052947998046875e+00
4.185799121856689453e+00
4.324339866638183594e+00
4.772162914276123047e+00
4.861643791198730469e+00
5.371415138244628906e+00
5.509591102600097656e+00
5.153882026672363281e+00
4.659458160400390625e+00
5.045712947845458984e+00
5.178532123565673828e+00
5.040358543395996094e+00
5.296219348907470703e+00
5.714421272277832031e+00
4.941509723663330078e+00
5.043467044830322266e+00
4.054101943969726562e+00
4.726778984069824219e+00
4.462854385375976562e+00
4.771360874176025391e+00
5.038619995117187500e+00
5.749073028564453125e+00
4.310331344604492188e+00
5.604846954345703125e+00
4.764211654663085938e+00
5.056009292602539062e+00
4.004229068756103516e+00
5.418653011322021484e+00
5.663820743560791016e+00
5.283746719360351562e+00
4.708815097808837891e+00
4.687624931335449219e+00
5.109017372131347656e+00
5.003205776214599609e+00
4.700134754180908203e+00
5.473638057708740234e+00
4.560368061065673828e+00
4.994900226593017578e+00
6.062392711639404297e+00
5.360957145690917969e+00
4.477590084075927734e+00
5.084752082824707031e+00
5.040549278259277344e+00
5.913392066955566406e+00
4.441195011138916016e+00
5.731263160705566406e+00
5.278812885284423828e+00
5.745683670043945312e+00
5.292500972747802734e+00
5.402234077453613281e+00
5.083470821380615234e+00
5.137043476104736328e+00
6.035058021545410156e+00
4.278655052185058594e+00
4.739438056945800781e+00
4.527885913848876953e+00
4.912069797515869141e+00
5.424610137939453125e+00
5.188798427581787109e+00
4.431026458740234375e+00
5.071350097656250000e+00
4.053753852844238281e+00
5.510063171386718750e+00
5.074769973754882812e+00
4.368888378143310547e+00
4.491978645324707031e+00
4.362929821014404297e+00
4.896897315979003906e+00
4.752030372619628906e+00
5.914018154144287109e+00
4.855647563934326172e+00
4.830737590789794922e+00
5.185768127441406250e+00
4.513106346130371094e+00
4.755786418914794922e+00
4.123319149017333984e+00
4.893161296844482422e+00
5.160217761993408203e+00
5.215691566467285156e+00
4.841540813446044922e+00
4.255537509918212891e+00
4.945294857025146484e+00
5.414352416992187500e+00
4.895956039428710938e+00
4.763476371765136719e+00
5.265417575836181641e+00
4.941389083862304688e+00
4.853516578674316406e+00
4.397730827331542969e+00
5.412218093872070312e+00
4.976210594177246094e+00
5.559599399566650391e+00
5.016204357147216797e+00
4.507748126983642578e+00
4.343361377716064453e+00
5.448156356811523438e+00
4.641543865203857422e+00
4.840755939483642578e+00
4.445674419403076172e+00
5.088616371154785156e+00
5.554405689239501953e+00
5.143708705902099609e+00
4.802865982055664062e+00
4.871721267700195312e+00
4.366582870483398438e+00
4.728714466094970703e+00
5.026298522949218750e+00
3.843188285827636719e+00
4.873116970062255859e+00
4.195356369018554688e+00
4.161056518554687500e+00
5.353722095489501953e+00
5.047367095947265625e+00
5.059238433837890625e+00
4.916169166564941406e+00
3.898751020431518555e+00
5.078465461730957031e+00
4.738593101501464844e+00
5.037541866302490234e+00
5.278061866760253906e+00
4.347196102142333984e+00
4.792897701263427734e+00
4.472918510437011719e+00
4.682283878326416016e+00
4.649977207183837891e+00
4.497059822082519531e+00
4.280322074890136719e+00
4.935441493988037109e+00
4.164732933044433594e+00
4.578419685363769531e+00
5.390340805053710938e+00
4.503739833831787109e+00
5.723776817321777344e+00
5.031668663024902344e+00
4.979815006256103516e+00
4.231271743774414062e+00
5.325418472290039062e+00
5.341372966766357422e+00
4.825730323791503906e+00
4.225653171539306641e+00
4.123500823974609375e+00
5.581488609313964844e+00
4.566538810729980469e+00
5.206870079040527344e+00
4.566593170166015625e+00
5.144170284271240234e+00
5.268186569213867188e+00
5.001329421997070312e+00
5.882000446319580078e+00
5.345862865447998047e+00
5.467216491699218750e+00
4.412576675415039062e+00
5.036058902740478516e+00
4.651019096374511719e+00
4.478507518768310547e+00
5.159276962280273438e+00
4.805045604705810547e+00
4.132624626159667969e+00
4.715655803680419922e+00
5.494401454925537109e+00
5.428305625915527344e+00
4.793810844421386719e+00
4.735179424285888672e+00
4.864620208740234375e+00
5.138925552368164062e+00
5.137473583221435547e+00
4.190557956695556641e+00
5.169391632080078125e+00
5.347024440765380859e+00
5.067075729370117188e+00
4.684856891632080078e+00
4.946006298065185547e+00
5.614544868469238281e+00
4.138802051544189453e+00
5.173165321350097656e+00
5.173426151275634766e+00
5.599553585052490234e+00
4.839254856109619141e+00
4.307922840118408203e+00
4.715000629425048828e+00
4.540598869323730469e+00
4.657825946807861328e+00
4.460042953491210938e+00
5.464929103851318359e+00
5.185382843017578125e+00
4.729271411895751953e+00
5.238935470581054688e+00
5.555878639221191406e+00
4.742435932159423828e+00
4.838891506195068359e+00
4.768747329711914062e+00
4.558335304260253906e+00
4.719688415527343750e+00
4.431462764739990234e+00
4.995751857757568359e+00
4.248414516448974609e+00
4.700913429260253906e+00
4.762838840484619141e+00
4.855032920837402344e+00
3.933645009994506836e+00
4.742657184600830078e+00
5.744264125823974609e+00
4.101428031921386719e+00
6.014699935913085938e+00
5.458229064941406250e+00
4.609852313995361328e+00
5.317841529846191406e+00
5.573979377746582031e+00
4.848371982574462891e+00
4.609249591827392578e+00
4.102047443389892578e+00
4.153479576110839844e+00
4.730579376220703125e+00
5.127498149871826172e+00
4.722835063934326172e+00
4.970903873443603516e+00
5.135218143463134766e+00
4.875802993774414062e+00
5.310124874114990234e+00
4.665049076080322266e+00
4.292862892150878906e+00
4.885911941528320312e+00
4.321940898895263672e+00
4.660172462463378906e+00
5.224414348602294922e+00
4.975024700164794922e+00
5.253962039947509766e+00
4.366346359252929688e+00
5.345069885253906250e+00
4.678081989288330078e+00
5.061028480529785156e+00
4.801946640014648438e+00
4.476820945739746094e+00
4.869278907775878906e+00
4.396211147308349609e+00
4.929213523864746094e+00
4.811634063720703125e+00
5.053514957427978516e+00
5.157790660858154297e+00
5.020605087280273438e+00
5.120431900024414062e+00
5.098769664764404297e+00
4.737813949584960938e+00
5.769740104675292969e+00
4.840362071990966797e+00
5.148198604583740234e+00
5.053290843963623047e+00
4.568122386932373047e+00
4.766955852508544922e+00
5.887107849121093750e+00
5.296367168426513672e+00
4.526060104370117188e+00
5.369480609893798828e+00
4.361196517944335938e+00
5.527306556701660156e+00
4.913488388061523438e+00
5.270870208740234375e+00
4.677606105804443359e+00
5.681005477905273438e+00
4.923964977264404297e+00
5.309748649597167969e+00
4.952721118927001953e+00
5.239835262298583984e+00
5.468426227569580078e+00
4.997923851013183594e+00
5.428288936614990234e+00
5.277056217193603516e+00
6.227045059204101562e+00
5.828187942504882812e+00
5.486842155456542969e+00
5.429723739624023438e+00
5.969365119934082031e+00
5.968336105346679688e+00
4.513217926025390625e+00
5.254525661468505859e+00
5.760696887969970703e+00
5.242858886718750000e+00
5.222106456756591797e+00
5.334218502044677734e+00
5.481693267822265625e+00
4.733646392822265625e+00
5.614515304565429688e+00
4.764432907104492188e+00
4.748020172119140625e+00
4.932390689849853516e+00
5.248486995697021484e+00
5.011445522308349609e+00
4.852850914001464844e+00
5.472978591918945312e+00
4.763665199279785156e+00
5.451631069183349609e+00
4.786154747009277344e+00
4.708621978759765625e+00
4.732933521270751953e+00
4.822019577026367188e+00
4.434109210968017578e+00
4.623832702636718750e+00
4.555892944335937500e+00
4.791652679443359375e+00
5.471665382385253906e+00
4.844516277313232422e+00
4.032429218292236328e+00
5.308122158050537109e+00
4.367204189300537109e+00
4.861229896545410156e+00
5.369324684143066406e+00
5.071816444396972656e+00
5.221802234649658203e+00
4.545890331268310547e+00
5.331059455871582031e+00
4.065855503082275391e+00
4.535716533660888672e+00
4.544601440429687500e+00
5.449420452117919922e+00
5.094749927520751953e+00
4.663964271545410156e+00
4.772644519805908203e+00
5.459762096405029297e+00
3.885174989700317383e+00
4.785656452178955078e+00
3.809236526489257812e+00
4.436001300811767578e+00
4.053623199462890625e+00
5.419265270233154297e+00
4.961430549621582031e+00
4.732126235961914062e+00
4.710761547088623047e+00
4.154328823089599609e+00
5.204003810882568359e+00
5.802299022674560547e+00
5.338875293731689453e+00
4.495233058929443359e+00
5.185548782348632812e+00
4.613117218017578125e+00
4.423918724060058594e+00
5.045943737030029297e+00
5.544547557830810547e+00
4.541615486145019531e+00
5.033343315124511719e+00
4.806055545806884766e+00
4.951539039611816406e+00
5.300736904144287109e+00
4.908377170562744141e+00
5.692025661468505859e+00
5.049765586853027344e+00
4.614273071289062500e+00
4.420294284820556641e+00
5.537435531616210938e+00
5.947785377502441406e+00
5.426419734954833984e+00
4.335103034973144531e+00
4.119724273681640625e+00
5.301239967346191406e+00
5.303007125854492188e+00
5.014885902404785156e+00
4.570770263671875000e+00
3.970782279968261719e+00
4.696850299835205078e+00
5.030055522918701172e+00
4.764514923095703125e+00
6.012077808380126953e+00
4.485115528106689453e+00
5.245864391326904297e+00
4.723825454711914062e+00
4.990384578704833984e+00
4.822066783905029297e+00
5.161988735198974609e+00
5.013182163238525391e+00
4.630172252655029297e+00
5.042915821075439453e+00
4.702652931213378906e+00
4.171531200408935547e+00
4.254490852355957031e+00
4.692128181457519531e+00
4.640495300292968750e+00
5.040332317352294922e+00
5.103349685668945312e+00
5.697092533111572266e+00
5.486350536346435547e+00
5.373509407043457031e+00
4.662961483001708984e+00
5.309712886810302734e+00
5.462410449981689453e+00
4.731419086456298828e+00
4.585704326629638672e+00
5.123139858245849609e+00
4.914107799530029297e+00
4.669564723968505859e+00
4.829395294189453125e+00
5.171744346618652344e+00
4.732114315032958984e+00
4.082357883453369141e+00
4.504176139831542969e+00
4.665655612945556641e+00
4.811951160430908203e+00
5.233129501342773438e+00
4.470407962799072266e+00
4.343725681304931641e+00
4.482378959655761719e+00
4.525835037231445312e+00
5.293344974517822266e+00
4.956474304199218750e+00
5.053311824798583984e+00
4.529970169067382812e+00
4.037270069122314453e+00
5.568445682525634766e+00
4.043240070343017578e+00
4.461716651916503906e+00
4.347604751586914062e+00
5.343136787414550781e+00
4.211144447326660156e+00
6.795611381530761719e+00
4.701516151428222656e+00
3.977287292480468750e+00
4.631433486938476562e+00
3.966754674911499023e+00
4.776841640472412109e+00
4.151656150817871094e+00
5.047982692718505859e+00
4.565777301788330078e+00
5.515480041503906250e+00
5.846838951110839844e+00
4.756758689880371094e+00
3.624707460403442383e+00
4.008700370788574219e+00
4.568537712097167969e+00
5.151269435882568359e+00
4.710136413574218750e+00
4.968483448028564453e+00
4.976769924163818359e+00
4.363336086273193359e+00
4.838660717010498047e+00
4.751532554626464844e+00
5.491643905639648438e+00
5.122331619262695312e+00
5.033885478973388672e+00
4.548533916473388672e+00
4.747270584106445312e+00
5.263289451599121094e+00
4.810770511627197266e+00
6.399724960327148438e+00
5.140122413635253906e+00
5.762712001800537109e+00
4.870920181274414062e+00
4.700785160064697266e+00
4.383858203887939453e+00
4.444144248962402344e+00
5.134364604949951172e+00
4.555245399475097656e+00
4.297185420989990234e+00
5.118049621582031250e+00
4.628626346588134766e+00
4.956999778747558594e+00
4.779480457305908203e+00
4.713540554046630859e+00
4.726810455322265625e+00
4.593624591827392578e+00
4.905095577239990234e+00
4.842173576354980469e+00
5.952426910400390625e+00
5.317636489868164062e+00
4.992508888244628906e+00
5.027962207794189453e+00
4.628388404846191406e+00
4.997147560119628906e+00
4.539887428283691406e+00
5.116862773895263672e+00
4.585206985473632812e+00
4.235765933990478516e+00
4.961349010467529297e+00
4.954926013946533203e+00
4.546948432922363281e+00
3.896714925765991211e+00
4.591696739196777344e+00
4.633808612823486328e+00
5.309247970581054688e+00
5.394662380218505859e+00
4.692898750305175781e+00
4.849501132965087891e+00
4.796163082122802734e+00
4.766088485717773438e+00
5.076486110687255859e+00
4.653339862823486328e+00
4.599128246307373047e+00
4.822871685028076172e+00
5.261859893798828125e+00
4.226594448089599609e+00
4.905354022979736328e+00
5.148275852203369141e+00
5.725776195526123047e+00
4.229496002197265625e+00
5.501690864562988281e+00
4.865797042846679688e+00
4.015703201293945312e+00
4.985710144042968750e+00
4.397797584533691406e+00
5.052082061767578125e+00
4.910308837890625000e+00
5.456786155700683594e+00
4.537566661834716797e+00
3.966762781143188477e+00
4.745869636535644531e+00
4.312661647796630859e+00
4.800515651702880859e+00
4.511515140533447266e+00
5.283420562744140625e+00
4.690341472625732422e+00
4.965740680694580078e+00
5.345408916473388672e+00
5.491563796997070312e+00
5.152532577514648438e+00
5.120611667633056641e+00
4.541335582733154297e+00
4.662040710449218750e+00
4.282689571380615234e+00
4.856311321258544922e+00
4.654065608978271484e+00
5.287052631378173828e+00
5.207794666290283203e+00
4.703783988952636719e+00
4.929074287414550781e+00
4.922982692718505859e+00
4.289203643798828125e+00
5.137291908264160156e+00
4.558950901031494141e+00
5.555124759674072266e+00
5.325745105743408203e+00
4.623962879180908203e+00
5.433897018432617188e+00
4.331082344055175781e+00
5.516698837280273438e+00
4.833098411560058594e+00
4.841981410980224609e+00
4.080633163452148438e+00
4.752809524536132812e+00
5.109663963317871094e+00
4.696128845214843750e+00
4.190473556518554688e+00
4.645514488220214844e+00
4.865856647491455078e+00
3.934957981109619141e+00
4.557484626770019531e+00
5.627070426940917969e+00
5.390639781951904297e+00
4.739082813262939453e+00
4.720983028411865234e+00
4.850265502929687500e+00
4.616428852081298828e+00
4.394009113311767578e+00
5.838557243347167969e+00
4.925352573394775391e+00
4.835102081298828125e+00
5.100803375244140625e+00
6.586986541748046875e+00
4.857115745544433594e+00
5.354340553283691406e+00
5.066864013671875000e+00
4.240736484527587891e+00
4.691202163696289062e+00
4.651170730590820312e+00
4.798551082611083984e+00
5.471869468688964844e+00
4.630781173706054688e+00
4.283402919769287109e+00
5.266527175903320312e+00
4.606487751007080078e+00
4.770811080932617188e+00
4.510513305664062500e+00
4.866325378417968750e+00
5.250896453857421875e+00
5.435365676879882812e+00
4.764341354370117188e+00
5.137831211090087891e+00
4.603720188140869141e+00
5.190232276916503906e+00
5.049774169921875000e+00
4.946692943572998047e+00
5.925353050231933594e+00
4.662451744079589844e+00
4.814485073089599609e+00
4.314420223236083984e+00
4.317591667175292969e+00
5.434990406036376953e+00
4.840466976165771484e+00
4.625269412994384766e+00
6.163712024688720703e+00
5.166814327239990234e+00
4.163041114807128906e+00
5.393247604370117188e+00
5.103705406188964844e+00
4.110529899597167969e+00
5.033798694610595703e+00
5.636216163635253906e+00
4.685332775115966797e+00
4.764177322387695312e+00
4.873666763305664062e+00
4.604577541351318359e+00
4.006645679473876953e+00
4.903820514678955078e+00
4.309828281402587891e+00
4.420243740081787109e+00
4.832414627075195312e+00
4.131532669067382812e+00
5.229847431182861328e+00
5.034083366394042969e+00
4.828615665435791016e+00
4.670255184173583984e+00
5.003121852874755859e+00
5.514996051788330078e+00
4.827690601348876953e+00
4.518263339996337891e+00
4.237456321716308594e+00
3.628732204437255859e+00
4.860491275787353516e+00
4.898464202880859375e+00
4.381523132324218750e+00
5.201786518096923828e+00
5.218765735626220703e+00
4.534631252288818359e+00
4.959697246551513672e+00
4.631909847259521484e+00
4.215337753295898438e+00
4.383890151977539062e+00
4.909641265869140625e+00
4.846284866333007812e+00
4.687399387359619141e+00
4.725938796997070312e+00
5.030579090118408203e+00
4.628023147583007812e+00
5.126121044158935547e+00
4.748619079589843750e+00
4.961460113525390625e+00
5.380983829498291016e+00
5.732125282287597656e+00
4.562046527862548828e+00
5.116666793823242188e+00
5.127706527709960938e+00
5.102225780487060547e+00
5.304074287414550781e+00
4.301742553710937500e+00
5.167309761047363281e+00
4.782537460327148438e+00
5.142757892608642578e+00
4.368095397949218750e+00
5.741971015930175781e+00
4.829410552978515625e+00
4.786563396453857422e+00
5.165824890136718750e+00
4.629219055175781250e+00
4.758862972259521484e+00
4.199723720550537109e+00
3.919004201889038086e+00
4.560115814208984375e+00
4.699909687042236328e+00
5.292113304138183594e+00
5.126399040222167969e+00
4.769903659820556641e+00
4.773772716522216797e+00
4.581596374511718750e+00
4.659094810485839844e+00
4.940524578094482422e+00
5.148821353912353516e+00
4.849731922149658203e+00
5.358705043792724609e+00
4.276405811309814453e+00
4.682113170623779297e+00
5.507123470306396484e+00
4.120858192443847656e+00
4.413561344146728516e+00
5.522215366363525391e+00
4.899522781372070312e+00
4.751299381256103516e+00
4.599039554595947266e+00
5.681873321533203125e+00
5.412774085998535156e+00
4.292215824127197266e+00
4.740849018096923828e+00
5.161231994628906250e+00
4.562174797058105469e+00
4.273745059967041016e+00
5.595314979553222656e+00
5.082815647125244141e+00
5.406820297241210938e+00
4.666626930236816406e+00
4.839373111724853516e+00
4.963408946990966797e+00
4.841988086700439453e+00
4.790524482727050781e+00
5.011276721954345703e+00
5.077969074249267578e+00
4.292408943176269531e+00
4.370274543762207031e+00
4.941706180572509766e+00
4.584992408752441406e+00
4.810023784637451172e+00
4.401927471160888672e+00
4.529478073120117188e+00
5.088967323303222656e+00
5.163975715637207031e+00
5.541258811950683594e+00
4.676446914672851562e+00
4.525738239288330078e+00
4.720754146575927734e+00
5.038071155548095703e+00
6.182522296905517578e+00
4.901937484741210938e+00
4.962677478790283203e+00
5.279182434082031250e+00
5.094801425933837891e+00
4.922618865966796875e+00
4.774107933044433594e+00
5.670104980468750000e+00
4.087327957153320312e+00
4.910667896270751953e+00
5.166298866271972656e+00
4.827149391174316406e+00
4.672758579254150391e+00
4.182749271392822266e+00
4.496918201446533203e+00
4.922000885009765625e+00
4.625216007232666016e+00
3.746431350708007812e+00
6.052170753479003906e+00
5.111896514892578125e+00
4.145097732543945312e+00
4.630208969116210938e+00
4.737865924835205078e+00
4.947912216186523438e+00
5.183399200439453125e+00
4.708479404449462891e+00
4.682078361511230469e+00
4.125470638275146484e+00
5.842157363891601562e+00
4.086789608001708984e+00
5.429243564605712891e+00
4.460730552673339844e+00
4.604058265686035156e+00
4.721281528472900391e+00
5.020617008209228516e+00
5.143056869506835938e+00
3.832341670989990234e+00
5.282852649688720703e+00
5.113540172576904297e+00
4.523556232452392578e+00
5.392066955566406250e+00
4.826171398162841797e+00
4.209511280059814453e+00
4.293358802795410156e+00
4.244930744171142578e+00
4.881057262420654297e+00
4.275231361389160156e+00
5.187003612518310547e+00
4.784407138824462891e+00
4.798273086547851562e+00
5.010288238525390625e+00
4.760397434234619141e+00
5.448760986328125000e+00
4.680666446685791016e+00
4.470417499542236328e+00
5.134180545806884766e+00
5.695359706878662109e+00
4.791738986968994141e+00
5.036074161529541016e+00
5.257138729095458984e+00
4.691011428833007812e+00
4.728355407714843750e+00
4.612246513366699219e+00
4.485054969787597656e+00
5.033444881439208984e+00
5.502149581909179688e+00
5.336934089660644531e+00
5.007738590240478516e+00
5.143988132476806641e+00
4.892584800720214844e+00
4.439774036407470703e+00
4.912888050079345703e+00
4.508291721343994141e+00
4.792660713195800781e+00
5.656663417816162109e+00
4.488705158233642578e+00
4.337806224822998047e+00
5.351390838623046875e+00
4.261711597442626953e+00
4.552466392517089844e+00
4.961042881011962891e+00
4.543629169464111328e+00
3.723478317260742188e+00
4.213289260864257812e+00
4.067666053771972656e+00
4.231022834777832031e+00
4.889715194702148438e+00
5.620959758758544922e+00
5.146400928497314453e+00
4.690773010253906250e+00
4.713550090789794922e+00
4.883461475372314453e+00
4.268013477325439453e+00
5.095318317413330078e+00
5.289334774017333984e+00
4.580183506011962891e+00
5.121272563934326172e+00
5.001586914062500000e+00
4.540256977081298828e+00
4.406201362609863281e+00
4.740436553955078125e+00
4.343236923217773438e+00
4.724815845489501953e+00
4.902318477630615234e+00
5.413727760314941406e+00
6.045519351959228516e+00
5.617629528045654297e+00
5.680171489715576172e+00
4.610979557037353516e+00
5.551764488220214844e+00
4.729777812957763672e+00
4.910155296325683594e+00
4.615655899047851562e+00
5.194268703460693359e+00
4.609637737274169922e+00
5.459003448486328125e+00
4.977470874786376953e+00
5.537667274475097656e+00
4.766778469085693359e+00
4.826042175292968750e+00
5.253807067871093750e+00
5.061859607696533203e+00
4.953194141387939453e+00
4.708071708679199219e+00
4.725190639495849609e+00
5.155080795288085938e+00
4.597061157226562500e+00
5.251084327697753906e+00
5.839322090148925781e+00
5.661140918731689453e+00
5.355263710021972656e+00
4.799834251403808594e+00
4.758393287658691406e+00
5.974976539611816406e+00
5.101614952087402344e+00
4.910242080688476562e+00
5.417087078094482422e+00
4.368399620056152344e+00
5.535306453704833984e+00
4.996557712554931641e+00
5.097601413726806641e+00
4.819088935852050781e+00
5.027368545532226562e+00
5.442156791687011719e+00
6.156157493591308594e+00
4.323193550109863281e+00
5.496619701385498047e+00
5.340501308441162109e+00
4.422171115875244141e+00
5.520739078521728516e+00
5.437516212463378906e+00
5.313859939575195312e+00
4.660740375518798828e+00
4.503312110900878906e+00
5.314081668853759766e+00
5.393010139465332031e+00
4.242395401000976562e+00
5.094530105590820312e+00
4.528503417968750000e+00
4.216299057006835938e+00
5.145390510559082031e+00
5.000530242919921875e+00
4.990478515625000000e+00
4.517864704132080078e+00
5.519148826599121094e+00
5.921082496643066406e+00
5.252991199493408203e+00
4.544217586517333984e+00
4.678283214569091797e+00
4.712016582489013672e+00
5.134892463684082031e+00
6.144778251647949219e+00
4.866348266601562500e+00
5.180700302124023438e+00
5.575092315673828125e+00
5.211992263793945312e+00
4.980119228363037109e+00
5.456085205078125000e+00
5.198851585388183594e+00
5.592338085174560547e+00
4.118166923522949219e+00
5.004487037658691406e+00
5.214419364929199219e+00
5.049635887145996094e+00
5.138683319091796875e+00
4.240571498870849609e+00
4.618647098541259766e+00
4.843453884124755859e+00
4.257925033569335938e+00
5.251459121704101562e+00
4.637160301208496094e+00
4.217577457427978516e+00
4.782685756683349609e+00
5.040464878082275391e+00
4.718937397003173828e+00
4.819150447845458984e+00
4.273726463317871094e+00
5.105548381805419922e+00
4.040681838989257812e+00
5.376608371734619141e+00
4.717042922973632812e+00
5.144097328186035156e+00
5.123627185821533203e+00
5.577797889709472656e+00
4.965190887451171875e+00
5.173927783966064453e+00
4.888733863830566406e+00
5.074791431427001953e+00
4.857401371002197266e+00
5.967818260192871094e+00
4.763292312622070312e+00
5.073055267333984375e+00
5.345442771911621094e+00
5.782511234283447266e+00
4.923999309539794922e+00
4.827958583831787109e+00
4.361001014709472656e+00
4.944190979003906250e+00
5.285316944122314453e+00
5.017963886260986328e+00
5.642666816711425781e+00
5.175499439239501953e+00
5.289998054504394531e+00
4.750003814697265625e+00
5.002567291259765625e+00
5.226626873016357422e+00
4.462151050567626953e+00
4.822737216949462891e+00
4.603590965270996094e+00
5.442808151245117188e+00
5.436773300170898438e+00
5.302120208740234375e+00
5.194586753845214844e+00
4.424705505371093750e+00
4.114348888397216797e+00
4.848036766052246094e+00
4.531338691711425781e+00
5.187974929809570312e+00
5.037101745605468750e+00
4.939791202545166016e+00
4.876101016998291016e+00
4.874462604522705078e+00
4.975813388824462891e+00
4.822377204895019531e+00
4.268718719482421875e+00
4.302677631378173828e+00
5.112284660339355469e+00
4.192718982696533203e+00
4.677602291107177734e+00
4.223027706146240234e+00
5.179696559906005859e+00
4.567718505859375000e+00
4.733276367187500000e+00
4.815358638763427734e+00
4.775528907775878906e+00
4.728903770446777344e+00
5.183453083038330078e+00
4.874955177307128906e+00
5.060234546661376953e+00
4.909890174865722656e+00
4.924600601196289062e+00
4.893895626068115234e+00
5.230809688568115234e+00
5.447431564331054688e+00
4.790688514709472656e+00
5.021305084228515625e+00
4.567115783691406250e+00
4.589202880859375000e+00
4.161602497100830078e+00
4.367875576019287109e+00
4.152872085571289062e+00
4.243483066558837891e+00
4.126264095306396484e+00
4.906948566436767578e+00
4.461174011230468750e+00
5.038795471191406250e+00
4.664731025695800781e+00
5.007967948913574219e+00
5.060873985290527344e+00
4.939319133758544922e+00
5.508453369140625000e+00
4.694396495819091797e+00
4.875867843627929688e+00
3.961858510971069336e+00
5.038505077362060547e+00
3.856021881103515625e+00
4.733666419982910156e+00
4.517178535461425781e+00
5.127698898315429688e+00
4.320629119873046875e+00
4.990366935729980469e+00
4.981441497802734375e+00
5.008383274078369141e+00
4.706628799438476562e+00
5.022421836853027344e+00
4.902184486389160156e+00
4.121012210845947266e+00
4.947649478912353516e+00
4.747508525848388672e+00
4.590744972229003906e+00
5.065788269042968750e+00
5.088482379913330078e+00
4.975696086883544922e+00
4.409551143646240234e+00
4.472096443176269531e+00
4.774641513824462891e+00
5.186062335968017578e+00
5.240375041961669922e+00
4.667482852935791016e+00
4.707592487335205078e+00
4.888026237487792969e+00
5.272915840148925781e+00
5.102036476135253906e+00
4.548058509826660156e+00
4.547228336334228516e+00
5.496026515960693359e+00
5.581313133239746094e+00
5.275538444519042969e+00
5.401480674743652344e+00
4.597595691680908203e+00
4.416896343231201172e+00
4.692315578460693359e+00
5.442615985870361328e+00
4.984687328338623047e+00
4.325384616851806641e+00
4.536445617675781250e+00
4.106747150421142578e+00
4.594194889068603516e+00
5.076175689697265625e+00
4.580835342407226562e+00
4.631009101867675781e+00
4.996073246002197266e+00
4.663015842437744141e+00
4.801310062408447266e+00
5.494678974151611328e+00
5.427498340606689453e+00
4.195372104644775391e+00
4.850143909454345703e+00
4.992151737213134766e+00
5.497942447662353516e+00
4.678552627563476562e+00
4.489266395568847656e+00
4.190760612487792969e+00
4.533944606781005859e+00
5.232759475708007812e+00
5.388098716735839844e+00
5.207375049591064453e+00
4.550355434417724609e+00
4.452991008758544922e+00
4.734172821044921875e+00
4.961166381835937500e+00
4.894920349121093750e+00
4.478205680847167969e+00
5.466692447662353516e+00
5.515252590179443359e+00
4.868860721588134766e+00
5.068819046020507812e+00
5.718554496765136719e+00
4.792996883392333984e+00
4.997335433959960938e+00
5.226840496063232422e+00
5.126542091369628906e+00
4.782411575317382812e+00
4.876103401184082031e+00
5.386469364166259766e+00
4.812029361724853516e+00
4.845351696014404297e+00
4.243877410888671875e+00
5.049955844879150391e+00
5.086876869201660156e+00
4.428574085235595703e+00
4.205462455749511719e+00
5.079459190368652344e+00
5.262878417968750000e+00
4.579314231872558594e+00
4.637135028839111328e+00
5.115261077880859375e+00
4.556137561798095703e+00
3.988389730453491211e+00
4.979523658752441406e+00
5.903614521026611328e+00
4.804486274719238281e+00
5.171651363372802734e+00
4.701815605163574219e+00
5.267443180084228516e+00
4.595461845397949219e+00
4.970139980316162109e+00
5.527828216552734375e+00
4.982977867126464844e+00
4.339154720306396484e+00
4.922234535217285156e+00
4.361195087432861328e+00
4.587611198425292969e+00
4.354291439056396484e+00
5.709367752075195312e+00
4.895995616912841797e+00
5.133684158325195312e+00
4.947043895721435547e+00
4.545231342315673828e+00
4.781265258789062500e+00
5.392642021179199219e+00
5.311223983764648438e+00
4.961017608642578125e+00
4.533923625946044922e+00
5.322236061096191406e+00
4.870336055755615234e+00
4.431841850280761719e+00
4.822171688079833984e+00
4.566199302673339844e+00
4.675141334533691406e+00
4.797615051269531250e+00
4.844898223876953125e+00
4.717361450195312500e+00
4.823542594909667969e+00
4.519943237304687500e+00
4.504542827606201172e+00
4.475527286529541016e+00
5.522852897644042969e+00
5.383719444274902344e+00
4.765154361724853516e+00
4.947687625885009766e+00
5.415425777435302734e+00
4.532041072845458984e+00
4.492793560028076172e+00
4.943973064422607422e+00
4.335910797119140625e+00
4.302808761596679688e+00
5.039443492889404297e+00
4.552280902862548828e+00
4.472916603088378906e+00
5.749282360076904297e+00
4.698384761810302734e+00
5.029240608215332031e+00
4.722133159637451172e+00
4.476389884948730469e+00
5.135848045349121094e+00
5.162155151367187500e+00
5.138802528381347656e+00
4.557635307312011719e+00
5.239367485046386719e+00
5.113697528839111328e+00
4.733994483947753906e+00
4.406091690063476562e+00
5.132623672485351562e+00
4.450338840484619141e+00
4.643812179565429688e+00
4.905588626861572266e+00
3.927706241607666016e+00
5.291464805603027344e+00
5.151158809661865234e+00
5.025782585144042969e+00
4.577650547027587891e+00
4.789910793304443359e+00
4.581935882568359375e+00
4.609535694122314453e+00
4.134516716003417969e+00
5.115622997283935547e+00
4.805572509765625000e+00
5.044796466827392578e+00
4.658940792083740234e+00
4.782941818237304688e+00
4.100565433502197266e+00
4.992655277252197266e+00
5.013384819030761719e+00
5.623333454132080078e+00
4.327025413513183594e+00
4.383313655853271484e+00
4.718048095703125000e+00
4.253585338592529297e+00
3.870979547500610352e+00
4.672749519348144531e+00
3.797238588333129883e+00
4.794368743896484375e+00
4.652828216552734375e+00
4.208976268768310547e+00
4.372376441955566406e+00
4.987685680389404297e+00
4.154004573822021484e+00
4.621623992919921875e+00
4.556001663208007812e+00
4.802007675170898438e+00
4.408179283142089844e+00
4.621995449066162109e+00
4.736974716186523438e+00
4.587064266204833984e+00
5.015525817871093750e+00
5.536091804504394531e+00
4.287438869476318359e+00
6.307377338409423828e+00
4.705117702484130859e+00
4.902577877044677734e+00
4.769868850708007812e+00
4.596884727478027344e+00
4.769143104553222656e+00
4.841834068298339844e+00
4.442379474639892578e+00
4.730132102966308594e+00
5.201798439025878906e+00
6.630337715148925781e+00
4.242345333099365234e+00
5.104745864868164062e+00
5.047699451446533203e+00
4.188238143920898438e+00
5.031471252441406250e+00
5.058505058288574219e+00
4.003465175628662109e+00
4.083602905273437500e+00
4.555486202239990234e+00
4.758237838745117188e+00
4.664011478424072266e+00
4.633250713348388672e+00
4.700174808502197266e+00
4.530136108398437500e+00
5.235492229461669922e+00
5.074712276458740234e+00
4.442106246948242188e+00
5.089367389678955078e+00
5.173020362854003906e+00
4.179131507873535156e+00
5.003055095672607422e+00
4.700086593627929688e+00
5.081213951110839844e+00
4.958636283874511719e+00
5.540841579437255859e+00
4.571493148803710938e+00
4.828160762786865234e+00
5.136662960052490234e+00
4.753149509429931641e+00
5.522310256958007812e+00
5.071082592010498047e+00
4.330554008483886719e+00
4.559041500091552734e+00
5.112909317016601562e+00
5.192542076110839844e+00
4.146814346313476562e+00
4.211944103240966797e+00
5.845899581909179688e+00
4.640538215637207031e+00
4.739028930664062500e+00
5.200250625610351562e+00
4.886882781982421875e+00
5.052874565124511719e+00
3.767877101898193359e+00
4.503725051879882812e+00
5.203445911407470703e+00
4.635504722595214844e+00
5.897939205169677734e+00
4.429068088531494141e+00
5.100430488586425781e+00
4.482372760772705078e+00
4.587109565734863281e+00
4.750506877899169922e+00
4.912432193756103516e+00
4.075092315673828125e+00
4.979318618774414062e+00
5.232592582702636719e+00
4.524787902832031250e+00
4.115111827850341797e+00
5.156455039978027344e+00
4.380366325378417969e+00
4.880952835083007812e+00
5.158051490783691406e+00
4.897049427032470703e+00
4.377450942993164062e+00
5.128434658050537109e+00
6.130220890045166016e+00
4.742204666137695312e+00
4.470647811889648438e+00
6.054243087768554688e+00
4.373271942138671875e+00
5.317923069000244141e+00
4.253908634185791016e+00
3.742789983749389648e+00
5.106328964233398438e+00
5.712647438049316406e+00
4.852361679077148438e+00
4.797799110412597656e+00
5.043022632598876953e+00
4.504395961761474609e+00
5.308334827423095703e+00
4.498967170715332031e+00
5.028074264526367188e+00
3.895893335342407227e+00
5.034195899963378906e+00
5.541074275970458984e+00
4.711785793304443359e+00
5.059941768646240234e+00
4.809281826019287109e+00
4.839403152465820312e+00
5.053624153137207031e+00
4.146565437316894531e+00
4.594977855682373047e+00
5.265149593353271484e+00
5.552530288696289062e+00
5.104280471801757812e+00
4.436353206634521484e+00
5.296751022338867188e+00
5.387842178344726562e+00
4.539749145507812500e+00
4.851468086242675781e+00
4.998613834381103516e+00
4.513215065002441406e+00
4.422025680541992188e+00
5.126883029937744141e+00
4.677680015563964844e+00
4.795853137969970703e+00
4.761981964111328125e+00
5.009718418121337891e+00
4.386665344238281250e+00
3.978447914123535156e+00
4.089714527130126953e+00
4.579946517944335938e+00
4.541886329650878906e+00
5.252013206481933594e+00
4.495115280151367188e+00
6.219427585601806641e+00
5.014711856842041016e+00
4.079267501831054688e+00
5.057202339172363281e+00
4.967502593994140625e+00
4.754406929016113281e+00
5.024510383605957031e+00
4.879734516143798828e+00
5.046472549438476562e+00
5.075985431671142578e+00
4.812270164489746094e+00
5.364037513732910156e+00
5.352136611938476562e+00
4.847144126892089844e+00
4.896023273468017578e+00
4.583481311798095703e+00
5.051077365875244141e+00
5.167353153228759766e+00
5.156669139862060547e+00
5.666481018066406250e+00
4.140851020812988281e+00
3.763250827789306641e+00
4.893479824066162109e+00
4.606712818145751953e+00
5.066348075866699219e+00
4.573078155517578125e+00
4.690552711486816406e+00
4.812835216522216797e+00
4.943897724151611328e+00
4.957956314086914062e+00
5.153802871704101562e+00
4.424796581268310547e+00
4.935226440429687500e+00
4.817811489105224609e+00
5.300522327423095703e+00
5.268744945526123047e+00
4.740541934967041016e+00
5.059417724609375000e+00
5.022068023681640625e+00
4.956115722656250000e+00
5.940052509307861328e+00
5.088220119476318359e+00
5.452212810516357422e+00
4.525886535644531250e+00
4.480974197387695312e+00
5.110962867736816406e+00
4.189734458923339844e+00
4.730767726898193359e+00
5.241766929626464844e+00
4.351381301879882812e+00
4.725631237030029297e+00
6.173763751983642578e+00
5.013529300689697266e+00
5.644602775573730469e+00
5.188186168670654297e+00
4.073453903198242188e+00
4.720559120178222656e+00
4.490184307098388672e+00
4.005207061767578125e+00
4.833827018737792969e+00
4.607262134552001953e+00
4.908484935760498047e+00
4.812580585479736328e+00
4.714597702026367188e+00
5.345835685729980469e+00
4.844969749450683594e+00
4.406683444976806641e+00
4.925871372222900391e+00
5.329326629638671875e+00
4.317166328430175781e+00
5.294401168823242188e+00
4.521002769470214844e+00
5.353363990783691406e+00
4.514642715454101562e+00
4.785883426666259766e+00
4.961056709289550781e+00
4.542663574218750000e+00
5.533420562744140625e+00
4.442860126495361328e+00
4.900236129760742188e+00
4.955872535705566406e+00
5.248811721801757812e+00
4.469770908355712891e+00
5.121454715728759766e+00
4.572762966156005859e+00
4.442659378051757812e+00
4.532356262207031250e+00
4.252403259277343750e+00
4.154107570648193359e+00
5.063041210174560547e+00
4.989148139953613281e+00
5.023821830749511719e+00
5.035926342010498047e+00
5.205117702484130859e+00
4.257434844970703125e+00
5.155297279357910156e+00
4.029180049896240234e+00
4.523729801177978516e+00
4.917494297027587891e+00
5.192062377929687500e+00
4.589083671569824219e+00
4.305354595184326172e+00
4.429799556732177734e+00
5.251629352569580078e+00
4.782853603363037109e+00
4.876358032226562500e+00
5.272462844848632812e+00
4.852909564971923828e+00
4.758056640625000000e+00
4.648253917694091797e+00
5.504848480224609375e+00
4.953279018402099609e+00
4.591695308685302734e+00
5.127817153930664062e+00
4.834649085998535156e+00
4.512893676757812500e+00
4.448954582214355469e+00
5.503352165222167969e+00
4.631750583648681641e+00
5.753155708312988281e+00
4.947123527526855469e+00
4.873633384704589844e+00
4.900104522705078125e+00
4.594373703002929688e+00
4.211132049560546875e+00
5.655772686004638672e+00
5.009274959564208984e+00
4.856533050537109375e+00
4.442858695983886719e+00
4.480654716491699219e+00
4.166619300842285156e+00
4.888655662536621094e+00
3.960205316543579102e+00
4.680350303649902344e+00
4.819592475891113281e+00
4.412228584289550781e+00
5.107229232788085938e+00
4.005437850952148438e+00
4.989096164703369141e+00
4.817249774932861328e+00
4.939934253692626953e+00
4.366806507110595703e+00
5.174635410308837891e+00
4.093079566955566406e+00
4.372402191162109375e+00
6.007935523986816406e+00
4.826220512390136719e+00
3.920964479446411133e+00
4.917146205902099609e+00
4.833360195159912109e+00
4.919126987457275391e+00
4.543644428253173828e+00
4.527455806732177734e+00
4.835612773895263672e+00
4.769262313842773438e+00
4.784821510314941406e+00
5.335260391235351562e+00
5.258939743041992188e+00
4.726515293121337891e+00
4.005309581756591797e+00
5.846044063568115234e+00
4.871906280517578125e+00
5.252606391906738281e+00
4.475003719329833984e+00
5.039425373077392578e+00
4.854228973388671875e+00
4.831100463867187500e+00
4.858543395996093750e+00
5.058308601379394531e+00
5.329666614532470703e+00
5.674329280853271484e+00
5.328423500061035156e+00
4.371821880340576172e+00
4.155048370361328125e+00
4.139500617980957031e+00
4.919462203979492188e+00
4.745162010192871094e+00
4.426066875457763672e+00
4.806576251983642578e+00
3.827395677566528320e+00
4.227342605590820312e+00
3.756987810134887695e+00
4.321869373321533203e+00
4.999172687530517578e+00
4.878150463104248047e+00
4.496487140655517578e+00
5.874447822570800781e+00
5.053379058837890625e+00
5.038128376007080078e+00
4.291015625000000000e+00
4.653245449066162109e+00
5.000689983367919922e+00
5.456255912780761719e+00
3.977817058563232422e+00
4.419799327850341797e+00
4.442887783050537109e+00
5.649768352508544922e+00
5.403760910034179688e+00
4.514655590057373047e+00
5.351790428161621094e+00
5.007366657257080078e+00
4.823019981384277344e+00
5.217436790466308594e+00
4.388789653778076172e+00
4.630892276763916016e+00
4.875101566314697266e+00
4.607686519622802734e+00
4.821783065795898438e+00
4.849885463714599609e+00
4.967604637145996094e+00
5.047482013702392578e+00
3.976615190505981445e+00
5.560140609741210938e+00
4.831710338592529297e+00
4.488980293273925781e+00
4.666080474853515625e+00
4.531467437744140625e+00
4.595912933349609375e+00
4.427197933197021484e+00
5.185233592987060547e+00
5.142945766448974609e+00
5.954859733581542969e+00
6.069667816162109375e+00
5.011765956878662109e+00
4.675852298736572266e+00
4.709359645843505859e+00
4.606700420379638672e+00
4.658752918243408203e+00
4.406239032745361328e+00
5.068459987640380859e+00
4.972289562225341797e+00
4.876016139984130859e+00
4.932661533355712891e+00
5.006859302520751953e+00
5.311354637145996094e+00
4.661303520202636719e+00
5.392187118530273438e+00
4.926210403442382812e+00
4.260890483856201172e+00
5.174364566802978516e+00
4.496424198150634766e+00
4.888951301574707031e+00
5.396790027618408203e+00
4.488841533660888672e+00
4.884471893310546875e+00
5.063371181488037109e+00
4.551295280456542969e+00
5.147391796112060547e+00
5.162075519561767578e+00
5.358223438262939453e+00
5.180894374847412109e+00
4.980541229248046875e+00
4.803943634033203125e+00
4.805798530578613281e+00
4.549000263214111328e+00
4.821580410003662109e+00
4.756234169006347656e+00
4.665363788604736328e+00
4.885214328765869141e+00
5.151161193847656250e+00
4.836959838867187500e+00
5.467234134674072266e+00
5.300590515136718750e+00
5.129167079925537109e+00
4.801706790924072266e+00
4.413403034210205078e+00
5.035961627960205078e+00
4.892394065856933594e+00
5.161878585815429688e+00
5.320844173431396484e+00
5.013089656829833984e+00
5.081836700439453125e+00
5.034569263458251953e+00
4.272608757019042969e+00
5.349937915802001953e+00
4.768101215362548828e+00
5.034013271331787109e+00
5.073029041290283203e+00
4.550405502319335938e+00
5.552132606506347656e+00
4.161245346069335938e+00
4.438539981842041016e+00
4.341224670410156250e+00
5.697215080261230469e+00
4.219571590423583984e+00
4.319952011108398438e+00
4.710268497467041016e+00
5.178469657897949219e+00
5.622230052947998047e+00
5.284744262695312500e+00
4.702843189239501953e+00
5.618714332580566406e+00
5.055122375488281250e+00
5.126877784729003906e+00
5.053338527679443359e+00
4.862064361572265625e+00
3.875963211059570312e+00
4.446354389190673828e+00
4.960445404052734375e+00
5.190829277038574219e+00
4.949096202850341797e+00
5.265037536621093750e+00
6.312394618988037109e+00
5.083444595336914062e+00
4.593904495239257812e+00
4.914562225341796875e+00
4.715170860290527344e+00
5.031499385833740234e+00
4.113650321960449219e+00
5.329094886779785156e+00
5.571135997772216797e+00
4.272108554840087891e+00
5.199083328247070312e+00
4.275814533233642578e+00
4.829354286193847656e+00
4.893528938293457031e+00
4.408543586730957031e+00
5.046307563781738281e+00
4.974906921386718750e+00
4.521261215209960938e+00
5.112548351287841797e+00
5.543686866760253906e+00
4.053970336914062500e+00
4.468590259552001953e+00
4.206782341003417969e+00
4.902989387512207031e+00
4.832293987274169922e+00
4.667929649353027344e+00
5.018569946289062500e+00
4.719116210937500000e+00
4.479897499084472656e+00
5.755096912384033203e+00
5.486341476440429688e+00
5.286329746246337891e+00
4.550628185272216797e+00
4.803836345672607422e+00
5.029118061065673828e+00
4.509224891662597656e+00
4.700990200042724609e+00
4.711301803588867188e+00
3.880684137344360352e+00
4.756175041198730469e+00
4.499735355377197266e+00
4.557585239410400391e+00
4.612303733825683594e+00
3.986447572708129883e+00
4.954202175140380859e+00
4.428842544555664062e+00
4.655066967010498047e+00
4.512598991394042969e+00
4.518769741058349609e+00
5.328044414520263672e+00
5.453154087066650391e+00
4.425902366638183594e+00
4.561840057373046875e+00
5.544711112976074219e+00
4.430667877197265625e+00
5.090660095214843750e+00
5.045691490173339844e+00
5.090102672576904297e+00
5.007967472076416016e+00
5.121520042419433594e+00
4.817338943481445312e+00
4.913028240203857422e+00
4.875813007354736328e+00
5.078040122985839844e+00
4.694008827209472656e+00
5.036211490631103516e+00
4.906592845916748047e+00
5.655520915985107422e+00
4.911401271820068359e+00
4.252797603607177734e+00
5.096512794494628906e+00
5.161759376525878906e+00
4.217873096466064453e+00
5.559591770172119141e+00
4.677466392517089844e+00
4.202931880950927734e+00
4.532667160034179688e+00
4.802435874938964844e+00
4.334471702575683594e+00
5.007965087890625000e+00
4.752647876739501953e+00
4.216048717498779297e+00
5.160849094390869141e+00
5.524839401245117188e+00
4.509124755859375000e+00
4.261750698089599609e+00
5.402574062347412109e+00
4.656776905059814453e+00
4.942843437194824219e+00
5.046530246734619141e+00
4.511115550994873047e+00
4.871713161468505859e+00
4.684170722961425781e+00
4.550669193267822266e+00
5.572422981262207031e+00
4.073063373565673828e+00
4.779147148132324219e+00
5.284929752349853516e+00
5.271886825561523438e+00
5.553806304931640625e+00
5.009154319763183594e+00
5.093333244323730469e+00
4.732619285583496094e+00
4.706737041473388672e+00
5.529384613037109375e+00
5.137483119964599609e+00
4.414361476898193359e+00
4.390872478485107422e+00
5.164768218994140625e+00
4.721193790435791016e+00
4.873462200164794922e+00
3.996944427490234375e+00
5.256477355957031250e+00
4.388374328613281250e+00
5.002150535583496094e+00
5.217731952667236328e+00
5.500747203826904297e+00
4.309249401092529297e+00
5.172570228576660156e+00
4.659856319427490234e+00
5.167281627655029297e+00
4.666382312774658203e+00
4.818884849548339844e+00
4.820043087005615234e+00
4.576607227325439453e+00
5.248230457305908203e+00
4.651300430297851562e+00
5.024091243743896484e+00
4.650715827941894531e+00
4.651944160461425781e+00
5.510788440704345703e+00
4.938333034515380859e+00
4.299034595489501953e+00
4.900380611419677734e+00
4.220599174499511719e+00
4.796170234680175781e+00
4.305718898773193359e+00
4.451628684997558594e+00
5.287782669067382812e+00
4.567378520965576172e+00
4.982577323913574219e+00
5.177164554595947266e+00
4.877038002014160156e+00
5.526978492736816406e+00
4.875825405120849609e+00
5.132934570312500000e+00
4.158966064453125000e+00
4.476515769958496094e+00
4.930967807769775391e+00
5.215026855468750000e+00
4.762321949005126953e+00
4.813726425170898438e+00
5.304577350616455078e+00
5.017636299133300781e+00
4.907000541687011719e+00
4.870764732360839844e+00
4.549546718597412109e+00
5.112590789794921875e+00
4.316350460052490234e+00
4.177976608276367188e+00
5.095447540283203125e+00
4.301426887512207031e+00
4.630342960357666016e+00
4.654606819152832031e+00
4.298913955688476562e+00
5.606822490692138672e+00
4.886284828186035156e+00
4.533927917480468750e+00
5.070730209350585938e+00
5.091943740844726562e+00
4.643748283386230469e+00
5.055805206298828125e+00
4.447151660919189453e+00
4.602090358734130859e+00
3.955861330032348633e+00
4.541785240173339844e+00
4.782761096954345703e+00
4.929172515869140625e+00
5.020153045654296875e+00
4.982739448547363281e+00
4.703280925750732422e+00
4.909166812896728516e+00
5.557023525238037109e+00
5.073986053466796875e+00
5.397842407226562500e+00
4.691099643707275391e+00
4.051262378692626953e+00
4.559186458587646484e+00
4.485833644866943359e+00
4.686604022979736328e+00
5.152387619018554688e+00
5.190864086151123047e+00
4.465839862823486328e+00
4.789494037628173828e+00
4.208722114562988281e+00
5.499212741851806641e+00
4.017705917358398438e+00
4.883619308471679688e+00
5.269633769989013672e+00
4.748775005340576172e+00
4.598133087158203125e+00
4.758209228515625000e+00
4.379874229431152344e+00
4.313437938690185547e+00
4.886288166046142578e+00
5.091801166534423828e+00
4.653927803039550781e+00
4.855938911437988281e+00
4.764859676361083984e+00
4.439118862152099609e+00
4.209806919097900391e+00
5.026014804840087891e+00
5.049616336822509766e+00
5.302133560180664062e+00
4.847218513488769531e+00
4.757927894592285156e+00
5.206655025482177734e+00
4.784101486206054688e+00
6.027342796325683594e+00
4.713960170745849609e+00
4.280592918395996094e+00
4.348282814025878906e+00
4.559003353118896484e+00
4.667731285095214844e+00
4.872306346893310547e+00
5.066211223602294922e+00
4.959333896636962891e+00
4.865196228027343750e+00
5.853544712066650391e+00
5.052784442901611328e+00
4.833055019378662109e+00
3.844754219055175781e+00
4.643246650695800781e+00
5.030642509460449219e+00
4.783701419830322266e+00
4.938218593597412109e+00
4.866694450378417969e+00
4.409724235534667969e+00
4.007464885711669922e+00
4.703576564788818359e+00
4.461530208587646484e+00
5.016641616821289062e+00
4.517513751983642578e+00
4.841866493225097656e+00
4.634514808654785156e+00
4.934401512145996094e+00
4.739309310913085938e+00
4.471218585968017578e+00
5.400000095367431641e+00
4.068279266357421875e+00
4.939098834991455078e+00
4.342738151550292969e+00
4.976060867309570312e+00
4.582358360290527344e+00
4.637925624847412109e+00
4.446302890777587891e+00
4.800633907318115234e+00
4.564313888549804688e+00
5.152691364288330078e+00
4.720195770263671875e+00
5.410211086273193359e+00
4.973968029022216797e+00
5.619047164916992188e+00
5.210460662841796875e+00
5.659736633300781250e+00
5.030267715454101562e+00
5.035542964935302734e+00
4.686161994934082031e+00
4.767130374908447266e+00
4.960227489471435547e+00
5.118635654449462891e+00
4.515394687652587891e+00
4.467125892639160156e+00
5.140432834625244141e+00
4.698913097381591797e+00
4.331884860992431641e+00
4.951477527618408203e+00
4.565534591674804688e+00
5.396376132965087891e+00
4.763799667358398438e+00
4.634747505187988281e+00
4.747948646545410156e+00
5.751677989959716797e+00
4.481342315673828125e+00
5.022008419036865234e+00
5.129876136779785156e+00
4.904691219329833984e+00
5.145330429077148438e+00
4.485524654388427734e+00
4.766972064971923828e+00
4.636432647705078125e+00
4.586691379547119141e+00
4.492516517639160156e+00
5.410745620727539062e+00
4.747323513031005859e+00
5.155047893524169922e+00
4.631363391876220703e+00
4.800132274627685547e+00
5.046390533447265625e+00
5.685664176940917969e+00
5.046240806579589844e+00
4.214853286743164062e+00
4.438844203948974609e+00
4.368789196014404297e+00
4.645055294036865234e+00
4.518180847167968750e+00
4.659628391265869141e+00
4.918066501617431641e+00
4.571234703063964844e+00
4.864609718322753906e+00
4.375215053558349609e+00
4.585523605346679688e+00
4.782905578613281250e+00
4.279342651367187500e+00
4.726305961608886719e+00
4.693838596343994141e+00
4.969091892242431641e+00
4.584416866302490234e+00
4.460875511169433594e+00
4.292190074920654297e+00
5.133245468139648438e+00
4.218944072723388672e+00
5.272538185119628906e+00
4.929716110229492188e+00
4.114017486572265625e+00
5.202571392059326172e+00
4.680458068847656250e+00
4.827925205230712891e+00
5.129407405853271484e+00
5.122749328613281250e+00
4.890898704528808594e+00
5.183232307434082031e+00
4.740680217742919922e+00
4.906615734100341797e+00
4.399720668792724609e+00
4.828331470489501953e+00
4.457390308380126953e+00
5.385606765747070312e+00
5.347991466522216797e+00
4.580413818359375000e+00
4.659688472747802734e+00
4.118153572082519531e+00
4.186424732208251953e+00
4.769405841827392578e+00
4.105412960052490234e+00
4.604488849639892578e+00
4.664763450622558594e+00
5.160621643066406250e+00
4.746079444885253906e+00
4.517415523529052734e+00
5.178449630737304688e+00
5.248856544494628906e+00
5.066285133361816406e+00
4.528922557830810547e+00
4.769109249114990234e+00
5.025768756866455078e+00
5.681069850921630859e+00
5.697617530822753906e+00
4.613074779510498047e+00
4.612503528594970703e+00
5.280835628509521484e+00
4.100336074829101562e+00
4.183332443237304688e+00
5.122882366180419922e+00
5.590143203735351562e+00
4.665624141693115234e+00
5.293218135833740234e+00
4.008501529693603516e+00
4.882357120513916016e+00
5.281731605529785156e+00
4.545177459716796875e+00
5.207793235778808594e+00
5.306777000427246094e+00
4.642032623291015625e+00
4.728813171386718750e+00
5.484444618225097656e+00
4.485282897949218750e+00
5.156864643096923828e+00
5.041217327117919922e+00
4.539890289306640625e+00
4.973215103149414062e+00
4.633708953857421875e+00
5.268929004669189453e+00
5.496620178222656250e+00
4.663909435272216797e+00
5.319219112396240234e+00
4.538529872894287109e+00
4.862504005432128906e+00
4.218162059783935547e+00
5.653521537780761719e+00
4.771774291992187500e+00
4.546976089477539062e+00
4.624885559082031250e+00
5.840988636016845703e+00
5.172666549682617188e+00
4.807242393493652344e+00
4.966327190399169922e+00
5.227775096893310547e+00
4.728475570678710938e+00
4.919814109802246094e+00
5.240664482116699219e+00
4.158662796020507812e+00
4.713541984558105469e+00
3.961000204086303711e+00
4.997381210327148438e+00
5.207865715026855469e+00
4.556184768676757812e+00
4.979907035827636719e+00
4.322359085083007812e+00
4.250666618347167969e+00
5.055908203125000000e+00
4.716277122497558594e+00
4.325898647308349609e+00
4.159395694732666016e+00
4.605001926422119141e+00
5.001842975616455078e+00
4.835070133209228516e+00
4.460531234741210938e+00
5.137716293334960938e+00
5.366272449493408203e+00
4.705098628997802734e+00
5.171579837799072266e+00
4.182373046875000000e+00
4.836350917816162109e+00
5.353497505187988281e+00
5.593860626220703125e+00
4.781325817108154297e+00
4.825340747833251953e+00
5.195131301879882812e+00
4.009769916534423828e+00
4.904551506042480469e+00
4.266248226165771484e+00
5.291185379028320312e+00
4.783902168273925781e+00
4.578492641448974609e+00
4.251273632049560547e+00
5.567607879638671875e+00
5.017308235168457031e+00
4.491963863372802734e+00
4.544960021972656250e+00
3.709247112274169922e+00
4.619856357574462891e+00
4.687721252441406250e+00
4.567473888397216797e+00
4.622311115264892578e+00
4.754799842834472656e+00
4.433181285858154297e+00
4.883585453033447266e+00
4.945441246032714844e+00
4.303254127502441406e+00
4.713286876678466797e+00
5.136480331420898438e+00
4.702493667602539062e+00
5.165802478790283203e+00
5.227975368499755859e+00
4.599940299987792969e+00
4.353220939636230469e+00
4.956669807434082031e+00
4.628906250000000000e+00
4.305883884429931641e+00
4.994530677795410156e+00
5.093049049377441406e+00
4.577379703521728516e+00
4.865992069244384766e+00
4.488642692565917969e+00
4.942590236663818359e+00
4.201172351837158203e+00
5.008422851562500000e+00
4.606492519378662109e+00
4.381098747253417969e+00
4.763357639312744141e+00
4.434143066406250000e+00
5.056818008422851562e+00
4.353011608123779297e+00
5.383718490600585938e+00
5.302149772644042969e+00
4.166359424591064453e+00
4.362912654876708984e+00
5.116569995880126953e+00
4.500577926635742188e+00
4.717045307159423828e+00
4.519980907440185547e+00
4.456902980804443359e+00
4.489770889282226562e+00
4.924945354461669922e+00
3.913187503814697266e+00
5.482194900512695312e+00
5.041502952575683594e+00
4.997966289520263672e+00
4.644251823425292969e+00
4.590350151062011719e+00
5.228178977966308594e+00
3.964863777160644531e+00
4.705507755279541016e+00
4.494977951049804688e+00
4.808792114257812500e+00
3.827734231948852539e+00
4.596124172210693359e+00
4.700885295867919922e+00
5.251760482788085938e+00
4.697828292846679688e+00
5.013662815093994141e+00
4.452934741973876953e+00
4.853139400482177734e+00
4.679022312164306641e+00
4.978084564208984375e+00
4.223247051239013672e+00
4.389596462249755859e+00
4.525206089019775391e+00
4.702298641204833984e+00
4.495966911315917969e+00
4.861624240875244141e+00
4.779935836791992188e+00
4.570807456970214844e+00
5.480422019958496094e+00
4.492945194244384766e+00
4.721984863281250000e+00
4.974500179290771484e+00
4.800812244415283203e+00
4.759517192840576172e+00
5.933902740478515625e+00
4.758885383605957031e+00
4.402671813964843750e+00
5.675421237945556641e+00
4.963998317718505859e+00
4.452041625976562500e+00
4.536021232604980469e+00
5.177421569824218750e+00
4.860526084899902344e+00
4.572324752807617188e+00
5.000537395477294922e+00
4.375967502593994141e+00
4.940327644348144531e+00
4.817130088806152344e+00
4.499662399291992188e+00
5.174419403076171875e+00
4.679311275482177734e+00
4.842856407165527344e+00
4.722209930419921875e+00
4.752770423889160156e+00
4.415665149688720703e+00
4.633992195129394531e+00
4.511844158172607422e+00
4.071605682373046875e+00
4.084500312805175781e+00
4.240665435791015625e+00
5.257639408111572266e+00
5.244515895843505859e+00
5.076458930969238281e+00
4.813284873962402344e+00
4.950390338897705078e+00
5.463259220123291016e+00
4.280056476593017578e+00
4.970351219177246094e+00
4.975609779357910156e+00
4.111209869384765625e+00
4.272862434387207031e+00
4.289876937866210938e+00
4.628103733062744141e+00
4.588634490966796875e+00
4.317221641540527344e+00
5.170693874359130859e+00
4.460023880004882812e+00
4.350742816925048828e+00
4.870173931121826172e+00
4.579435348510742188e+00
4.329969882965087891e+00
5.163579940795898438e+00
4.514653682708740234e+00
4.166706085205078125e+00
3.596487760543823242e+00
4.898619174957275391e+00
5.893414020538330078e+00
4.580045700073242188e+00
4.892372608184814453e+00
4.566685199737548828e+00
4.474487781524658203e+00
4.426466464996337891e+00
4.938236713409423828e+00
4.858566284179687500e+00
4.639724254608154297e+00
4.981972217559814453e+00
4.819259166717529297e+00
4.820909023284912109e+00
5.478409290313720703e+00
4.895354747772216797e+00
4.657824516296386719e+00
4.470868110656738281e+00
5.583519458770751953e+00
4.297666072845458984e+00
4.634458065032958984e+00
4.879473686218261719e+00
5.026055812835693359e+00
4.735977649688720703e+00
4.472103118896484375e+00
5.171282291412353516e+00
4.820739746093750000e+00
4.221428871154785156e+00
4.707695960998535156e+00
4.352849483489990234e+00
4.800221443176269531e+00
4.721055507659912109e+00
4.410254955291748047e+00
5.287693977355957031e+00
5.126712799072265625e+00
4.937375068664550781e+00
4.895770549774169922e+00
4.370041847229003906e+00
4.150268077850341797e+00
4.868301868438720703e+00
4.586471557617187500e+00
5.206333637237548828e+00
5.024381160736083984e+00
4.949923038482666016e+00
5.038453578948974609e+00
5.182839870452880859e+00
5.487874984741210938e+00
5.056095123291015625e+00
4.435347080230712891e+00
5.085068702697753906e+00
4.041556835174560547e+00
4.060216903686523438e+00
4.299275875091552734e+00
4.805235385894775391e+00
4.715469837188720703e+00
5.465729236602783203e+00
4.964899063110351562e+00
4.418475627899169922e+00
4.230583190917968750e+00
4.187600135803222656e+00
5.075561523437500000e+00
4.066994190216064453e+00
4.504875659942626953e+00
4.643850803375244141e+00
5.000502586364746094e+00
4.726287364959716797e+00
4.128480434417724609e+00
4.668244838714599609e+00
4.246429920196533203e+00
4.923795700073242188e+00
5.161566257476806641e+00
5.021556854248046875e+00
5.417044162750244141e+00
5.053853988647460938e+00
4.181757926940917969e+00
5.734573841094970703e+00
5.246912479400634766e+00
4.577420234680175781e+00
4.765290737152099609e+00
4.237725257873535156e+00
4.726752758026123047e+00
5.390969276428222656e+00
3.880201339721679688e+00
5.212129592895507812e+00
4.731093883514404297e+00
5.153737068176269531e+00
4.189404487609863281e+00
4.721820831298828125e+00
5.014373302459716797e+00
4.628591537475585938e+00
4.698648452758789062e+00
4.987565517425537109e+00
3.768054485321044922e+00
4.503007888793945312e+00
5.540128231048583984e+00
4.256175518035888672e+00
4.926898002624511719e+00
4.686263561248779297e+00
4.657694816589355469e+00
4.321544647216796875e+00
